FSC,2017-07-18,09:30:00,5.58,5.58,5.58,5.58,45847
FSC,2017-07-18,09:31:00,5.58,5.58,5.52,5.52,2422
FSC,2017-07-18,09:32:00,5.54,5.54,5.52,5.52,10088
FSC,2017-07-18,09:33:00,5.53,5.54,5.53,5.54,1800
FSC,2017-07-18,09:34:00,5.55,5.55,5.54,5.55,5505
FSC,2017-07-18,09:35:00,5.55,5.55,5.52,5.53,23642
FSC,2017-07-18,09:36:00,5.52,5.53,5.52,5.52,2100
FSC,2017-07-18,09:37:00,5.53,5.57,5.53,5.56,6994
FSC,2017-07-18,09:38:00,5.55,5.55,5.55,5.55,1333
FSC,2017-07-18,09:39:00,5.54,5.54,5.54,5.54,2977
FSC,2017-07-18,09:40:00,5.54,5.54,5.51,5.52,7791
FSC,2017-07-18,09:41:00,5.51,5.55,5.51,5.54,29069
FSC,2017-07-18,09:42:00,5.54,5.57,5.54,5.56,12700
FSC,2017-07-18,09:43:00,5.55,5.55,5.54,5.55,9256
FSC,2017-07-18,09:44:00,5.55,5.55,5.53,5.53,9382
FSC,2017-07-18,09:45:00,5.54,5.54,5.53,5.54,3600
FSC,2017-07-18,09:46:00,5.54,5.55,5.54,5.55,7748
FSC,2017-07-18,09:47:00,5.55,5.56,5.55,5.56,3500
FSC,2017-07-18,09:48:00,5.56,5.57,5.55,5.55,17389
FSC,2017-07-18,09:49:00,5.55,5.56,5.55,5.56,11266
FSC,2017-07-18,09:50:00,5.56,5.56,5.55,5.55,2400
FSC,2017-07-18,09:51:00,5.56,5.56,5.56,5.56,200
FSC,2017-07-18,09:52:00,5.55,5.56,5.55,5.56,300
FSC,2017-07-18,09:53:00,5.56,5.56,5.55,5.55,10400
FSC,2017-07-18,09:54:00,5.56,5.56,5.56,5.56,482
FSC,2017-07-18,09:55:00,5.56,5.56,5.55,5.56,900
FSC,2017-07-18,09:56:00,5.55,5.56,5.55,5.55,4113
FSC,2017-07-18,09:57:00,5.55,5.56,5.55,5.55,8380
FSC,2017-07-18,09:58:00,5.55,5.55,5.55,5.55,915
FSC,2017-07-18,09:59:00,5.55,5.55,5.53,5.53,16313
FSC,2017-07-18,10:00:00,5.53,5.53,5.53,5.53,10495
FSC,2017-07-18,10:01:00,5.53,5.54,5.53,5.53,1100
FSC,2017-07-18,10:02:00,5.54,5.54,5.52,5.53,30410
FSC,2017-07-18,10:03:00,5.53,5.54,5.53,5.53,2900
FSC,2017-07-18,10:04:00,5.53,5.54,5.53,5.54,810
FSC,2017-07-18,10:05:00,5.53,5.53,5.53,5.53,200
FSC,2017-07-18,10:06:00,5.53,5.54,5.53,5.53,27805
FSC,2017-07-18,10:07:00,5.53,5.54,5.53,5.53,1625
FSC,2017-07-18,10:08:00,5.53,5.53,5.53,5.53,200
FSC,2017-07-18,10:09:00,5.53,5.53,5.53,5.53,500
FSC,2017-07-18,10:10:00,5.54,5.54,5.53,5.54,5600
FSC,2017-07-18,10:11:00,5.54,5.54,5.54,5.54,400
FSC,2017-07-18,10:12:00,5.54,5.54,5.53,5.53,3000
FSC,2017-07-18,10:13:00,5.53,5.53,5.53,5.53,200
FSC,2017-07-18,10:15:00,5.53,5.54,5.52,5.54,12377
FSC,2017-07-18,10:16:00,5.54,5.54,5.53,5.54,10500
FSC,2017-07-18,10:17:00,5.54,5.54,5.54,5.54,200
FSC,2017-07-18,10:18:00,5.54,5.54,5.53,5.53,1252
FSC,2017-07-18,10:19:00,5.53,5.53,5.53,5.53,800
FSC,2017-07-18,10:21:00,5.53,5.53,5.53,5.53,396
FSC,2017-07-18,10:22:00,5.53,5.54,5.53,5.53,13100
FSC,2017-07-18,10:23:00,5.54,5.54,5.54,5.54,1100
FSC,2017-07-18,10:24:00,5.53,5.54,5.53,5.53,800
FSC,2017-07-18,10:25:00,5.54,5.54,5.54,5.54,1000
FSC,2017-07-18,10:26:00,5.53,5.54,5.53,5.54,2822
FSC,2017-07-18,10:27:00,5.54,5.54,5.54,5.54,500
FSC,2017-07-18,10:28:00,5.54,5.55,5.54,5.54,13329
FSC,2017-07-18,10:29:00,5.54,5.54,5.53,5.53,11060
FSC,2017-07-18,10:30:00,5.53,5.54,5.53,5.54,4213
FSC,2017-07-18,10:31:00,5.54,5.54,5.54,5.54,376
FSC,2017-07-18,10:32:00,5.54,5.54,5.53,5.54,3988
FSC,2017-07-18,10:33:00,5.54,5.55,5.54,5.55,2300
FSC,2017-07-18,10:34:00,5.54,5.55,5.54,5.54,2100
FSC,2017-07-18,10:35:00,5.54,5.55,5.54,5.55,18330
FSC,2017-07-18,10:36:00,5.55,5.55,5.55,5.55,100
FSC,2017-07-18,10:37:00,5.55,5.55,5.54,5.54,1988
FSC,2017-07-18,10:38:00,5.55,5.56,5.55,5.55,11488
FSC,2017-07-18,10:39:00,5.55,5.57,5.55,5.57,17380
FSC,2017-07-18,10:40:00,5.57,5.57,5.57,5.57,100
FSC,2017-07-18,10:41:00,5.56,5.57,5.56,5.57,8928
FSC,2017-07-18,10:42:00,5.57,5.57,5.57,5.57,600
FSC,2017-07-18,10:43:00,5.57,5.57,5.57,5.57,3739
FSC,2017-07-18,10:44:00,5.56,5.57,5.56,5.57,11007
FSC,2017-07-18,10:45:00,5.57,5.57,5.56,5.57,1700
FSC,2017-07-18,10:46:00,5.57,5.57,5.56,5.57,3981
FSC,2017-07-18,10:47:00,5.57,5.58,5.56,5.58,10643
FSC,2017-07-18,10:48:00,5.58,5.58,5.58,5.58,11309
FSC,2017-07-18,10:49:00,5.58,5.58,5.57,5.58,34405
FSC,2017-07-18,10:50:00,5.58,5.59,5.57,5.59,6375
FSC,2017-07-18,10:51:00,5.59,5.59,5.58,5.59,9653
FSC,2017-07-18,10:52:00,5.59,5.62,5.59,5.62,55550
FSC,2017-07-18,10:53:00,5.62,5.62,5.58,5.59,40737
FSC,2017-07-18,10:54:00,5.59,5.59,5.59,5.59,2471
FSC,2017-07-18,10:55:00,5.59,5.60,5.59,5.60,14105
FSC,2017-07-18,10:56:00,5.60,5.61,5.60,5.61,7934
FSC,2017-07-18,10:57:00,5.61,5.62,5.60,5.62,12833
FSC,2017-07-18,10:58:00,5.61,5.62,5.61,5.61,2080
FSC,2017-07-18,10:59:00,5.62,5.62,5.61,5.62,5400
FSC,2017-07-18,11:00:00,5.62,5.62,5.62,5.62,1197
FSC,2017-07-18,11:01:00,5.62,5.62,5.61,5.62,8008
FSC,2017-07-18,11:02:00,5.62,5.62,5.61,5.62,3200
FSC,2017-07-18,11:03:00,5.62,5.62,5.62,5.62,750
FSC,2017-07-18,11:04:00,5.62,5.62,5.61,5.62,5837
FSC,2017-07-18,11:05:00,5.62,5.62,5.61,5.61,7571
FSC,2017-07-18,11:06:00,5.61,5.61,5.60,5.61,1309
FSC,2017-07-18,11:07:00,5.61,5.62,5.61,5.61,3914
FSC,2017-07-18,11:08:00,5.62,5.62,5.60,5.60,3300
FSC,2017-07-18,11:09:00,5.61,5.61,5.60,5.61,3600
FSC,2017-07-18,11:10:00,5.61,5.61,5.60,5.60,752
FSC,2017-07-18,11:11:00,5.61,5.61,5.61,5.61,400
FSC,2017-07-18,11:13:00,5.60,5.61,5.60,5.60,1408
FSC,2017-07-18,11:14:00,5.61,5.61,5.61,5.61,500
FSC,2017-07-18,11:16:00,5.61,5.61,5.61,5.61,100
FSC,2017-07-18,11:17:00,5.61,5.61,5.61,5.61,100
FSC,2017-07-18,11:18:00,5.60,5.60,5.59,5.59,10390
FSC,2017-07-18,11:19:00,5.59,5.60,5.59,5.59,6900
FSC,2017-07-18,11:20:00,5.59,5.59,5.58,5.58,12788
FSC,2017-07-18,11:21:00,5.58,5.59,5.58,5.58,5520
FSC,2017-07-18,11:22:00,5.58,5.60,5.58,5.60,8052
FSC,2017-07-18,11:23:00,5.59,5.60,5.59,5.59,3600
FSC,2017-07-18,11:24:00,5.59,5.60,5.59,5.60,700
FSC,2017-07-18,11:25:00,5.59,5.59,5.59,5.59,200
FSC,2017-07-18,11:26:00,5.59,5.59,5.58,5.58,15150
FSC,2017-07-18,11:27:00,5.58,5.58,5.58,5.58,200
FSC,2017-07-18,11:28:00,5.58,5.60,5.58,5.59,22366
FSC,2017-07-18,11:29:00,5.59,5.59,5.59,5.59,1100
FSC,2017-07-18,11:30:00,5.59,5.59,5.59,5.59,300
FSC,2017-07-18,11:31:00,5.59,5.59,5.58,5.58,7496
FSC,2017-07-18,11:32:00,5.59,5.59,5.59,5.59,100
FSC,2017-07-18,11:33:00,5.59,5.59,5.58,5.58,18908
FSC,2017-07-18,11:34:00,5.58,5.58,5.58,5.58,700
FSC,2017-07-18,11:35:00,5.58,5.59,5.58,5.58,23380
FSC,2017-07-18,11:36:00,5.58,5.59,5.58,5.59,3500
FSC,2017-07-18,11:37:00,5.58,5.58,5.58,5.58,669
FSC,2017-07-18,11:38:00,5.59,5.59,5.58,5.58,500
FSC,2017-07-18,11:39:00,5.58,5.59,5.58,5.59,800
FSC,2017-07-18,11:40:00,5.59,5.59,5.59,5.59,200
FSC,2017-07-18,11:41:00,5.58,5.59,5.58,5.59,3700
FSC,2017-07-18,11:42:00,5.59,5.59,5.58,5.59,889
FSC,2017-07-18,11:43:00,5.59,5.59,5.59,5.59,11281
FSC,2017-07-18,11:44:00,5.59,5.59,5.59,5.59,300
FSC,2017-07-18,11:45:00,5.59,5.59,5.58,5.58,10760
FSC,2017-07-18,11:46:00,5.58,5.59,5.58,5.59,4600
FSC,2017-07-18,11:47:00,5.59,5.59,5.58,5.59,3730
FSC,2017-07-18,11:48:00,5.58,5.58,5.58,5.58,400
FSC,2017-07-18,11:49:00,5.59,5.59,5.58,5.58,2260
FSC,2017-07-18,11:50:00,5.58,5.58,5.58,5.58,100
FSC,2017-07-18,11:51:00,5.59,5.59,5.58,5.58,1100
FSC,2017-07-18,11:52:00,5.59,5.59,5.58,5.58,1636
FSC,2017-07-18,11:53:00,5.58,5.59,5.58,5.59,1700
FSC,2017-07-18,11:54:00,5.58,5.59,5.58,5.59,400
FSC,2017-07-18,11:55:00,5.58,5.58,5.58,5.58,1380
FSC,2017-07-18,11:56:00,5.58,5.58,5.58,5.58,2640
FSC,2017-07-18,11:57:00,5.59,5.59,5.59,5.59,2100
FSC,2017-07-18,11:59:00,5.59,5.59,5.58,5.58,1007
FSC,2017-07-18,12:00:00,5.58,5.58,5.58,5.58,900
FSC,2017-07-18,12:01:00,5.59,5.59,5.58,5.58,3967
FSC,2017-07-18,12:02:00,5.59,5.59,5.59,5.59,2600
FSC,2017-07-18,12:03:00,5.58,5.59,5.58,5.59,700
FSC,2017-07-18,12:04:00,5.58,5.59,5.57,5.57,29958
FSC,2017-07-18,12:05:00,5.57,5.58,5.57,5.57,6269
FSC,2017-07-18,12:06:00,5.58,5.58,5.57,5.58,1000
FSC,2017-07-18,12:07:00,5.58,5.58,5.58,5.58,300
FSC,2017-07-18,12:08:00,5.58,5.58,5.57,5.58,5160
FSC,2017-07-18,12:09:00,5.57,5.58,5.57,5.58,1900
FSC,2017-07-18,12:10:00,5.58,5.58,5.57,5.58,6900
FSC,2017-07-18,12:11:00,5.58,5.58,5.57,5.58,2983
FSC,2017-07-18,12:12:00,5.58,5.59,5.58,5.59,14629
FSC,2017-07-18,12:13:00,5.58,5.59,5.58,5.59,7200
FSC,2017-07-18,12:14:00,5.59,5.60,5.59,5.60,6422
FSC,2017-07-18,12:15:00,5.60,5.61,5.59,5.61,45306
FSC,2017-07-18,12:16:00,5.61,5.61,5.60,5.61,12100
FSC,2017-07-18,12:17:00,5.61,5.61,5.61,5.61,600
FSC,2017-07-18,12:18:00,5.61,5.61,5.61,5.61,3300
FSC,2017-07-18,12:19:00,5.61,5.61,5.61,5.61,2100
FSC,2017-07-18,12:20:00,5.61,5.61,5.61,5.61,14733
FSC,2017-07-18,12:21:00,5.62,5.63,5.62,5.63,32645
FSC,2017-07-18,12:22:00,5.63,5.63,5.63,5.63,3300
FSC,2017-07-18,12:23:00,5.63,5.63,5.63,5.63,11136
FSC,2017-07-18,12:24:00,5.63,5.64,5.63,5.64,3340
FSC,2017-07-18,12:25:00,5.64,5.64,5.64,5.64,1500
FSC,2017-07-18,12:26:00,5.64,5.64,5.63,5.64,6983
FSC,2017-07-18,12:27:00,5.64,5.64,5.63,5.64,3576
FSC,2017-07-18,12:28:00,5.63,5.64,5.63,5.64,4360
FSC,2017-07-18,12:29:00,5.64,5.66,5.64,5.66,49066
FSC,2017-07-18,12:30:00,5.65,5.67,5.65,5.67,7515
FSC,2017-07-18,12:31:00,5.67,5.67,5.65,5.65,13044
FSC,2017-07-18,12:32:00,5.66,5.66,5.66,5.66,2300
FSC,2017-07-18,12:33:00,5.66,5.67,5.66,5.67,1900
FSC,2017-07-18,12:34:00,5.67,5.67,5.67,5.67,1700
FSC,2017-07-18,12:35:00,5.67,5.67,5.66,5.67,6600
FSC,2017-07-18,12:36:00,5.67,5.67,5.66,5.66,10410
FSC,2017-07-18,12:37:00,5.66,5.67,5.66,5.67,2418
FSC,2017-07-18,12:38:00,5.66,5.67,5.66,5.66,19150
FSC,2017-07-18,12:39:00,5.67,5.67,5.66,5.66,36460
FSC,2017-07-18,12:40:00,5.66,5.67,5.66,5.67,1600
FSC,2017-07-18,12:41:00,5.66,5.67,5.66,5.67,3699
FSC,2017-07-18,12:42:00,5.67,5.67,5.67,5.67,4251
FSC,2017-07-18,12:43:00,5.67,5.67,5.66,5.67,7850
FSC,2017-07-18,12:44:00,5.67,5.67,5.66,5.66,2200
FSC,2017-07-18,12:45:00,5.67,5.67,5.65,5.66,26902
FSC,2017-07-18,12:46:00,5.67,5.67,5.66,5.67,1600
FSC,2017-07-18,12:47:00,5.67,5.67,5.67,5.67,200
FSC,2017-07-18,12:48:00,5.66,5.67,5.66,5.67,4500
FSC,2017-07-18,12:49:00,5.66,5.67,5.66,5.66,3811
FSC,2017-07-18,12:50:00,5.67,5.67,5.65,5.66,18937
FSC,2017-07-18,12:51:00,5.67,5.67,5.66,5.67,7160
FSC,2017-07-18,12:52:00,5.67,5.67,5.66,5.67,315
FSC,2017-07-18,12:53:00,5.66,5.66,5.66,5.66,200
FSC,2017-07-18,12:54:00,5.67,5.67,5.66,5.67,2200
FSC,2017-07-18,12:55:00,5.67,5.67,5.66,5.67,5555
FSC,2017-07-18,12:56:00,5.67,5.67,5.66,5.67,4755
FSC,2017-07-18,12:57:00,5.67,5.67,5.66,5.67,3400
FSC,2017-07-18,12:58:00,5.67,5.67,5.66,5.67,5900
FSC,2017-07-18,12:59:00,5.67,5.67,5.66,5.67,6189
FSC,2017-07-18,13:00:00,5.67,5.67,5.66,5.67,2665
FSC,2017-07-18,13:01:00,5.67,5.67,5.67,5.67,7930
FSC,2017-07-18,13:02:00,5.67,5.67,5.66,5.67,5111
FSC,2017-07-18,13:03:00,5.67,5.67,5.66,5.67,5400
FSC,2017-07-18,13:04:00,5.67,5.67,5.67,5.67,2600
FSC,2017-07-18,13:05:00,5.67,5.67,5.66,5.67,3318
FSC,2017-07-18,13:06:00,5.67,5.67,5.67,5.67,2300
FSC,2017-07-18,13:07:00,5.67,5.67,5.67,5.67,3700
FSC,2017-07-18,13:08:00,5.67,5.67,5.66,5.66,600
FSC,2017-07-18,13:10:00,5.67,5.67,5.67,5.67,700
FSC,2017-07-18,13:11:00,5.67,5.67,5.66,5.67,1600
FSC,2017-07-18,13:12:00,5.67,5.67,5.67,5.67,1500
FSC,2017-07-18,13:13:00,5.67,5.67,5.66,5.67,4679
FSC,2017-07-18,13:14:00,5.67,5.67,5.67,5.67,2000
FSC,2017-07-18,13:15:00,5.67,5.67,5.66,5.67,2200
FSC,2017-07-18,13:16:00,5.67,5.67,5.67,5.67,1500
FSC,2017-07-18,13:17:00,5.66,5.67,5.66,5.66,1900
FSC,2017-07-18,13:18:00,5.67,5.67,5.67,5.67,7799
FSC,2017-07-18,13:19:00,5.67,5.68,5.67,5.68,12782
FSC,2017-07-18,13:20:00,5.68,5.69,5.68,5.69,13324
FSC,2017-07-18,13:21:00,5.68,5.69,5.68,5.69,3943
FSC,2017-07-18,13:22:00,5.69,5.69,5.69,5.69,1993
FSC,2017-07-18,13:23:00,5.69,5.69,5.69,5.69,2100
FSC,2017-07-18,13:24:00,5.69,5.69,5.68,5.69,5016
FSC,2017-07-18,13:25:00,5.69,5.69,5.68,5.68,1845
FSC,2017-07-18,13:26:00,5.68,5.70,5.68,5.70,12837
FSC,2017-07-18,13:27:00,5.70,5.70,5.69,5.69,12500
FSC,2017-07-18,13:28:00,5.70,5.70,5.69,5.70,9600
FSC,2017-07-18,13:29:00,5.70,5.70,5.69,5.70,2500
FSC,2017-07-18,13:30:00,5.69,5.70,5.69,5.70,3800
FSC,2017-07-18,13:31:00,5.70,5.70,5.68,5.68,8299
FSC,2017-07-18,13:32:00,5.69,5.69,5.68,5.68,1000
FSC,2017-07-18,13:33:00,5.68,5.69,5.68,5.68,1500
FSC,2017-07-18,13:34:00,5.68,5.69,5.68,5.68,2580
FSC,2017-07-18,13:35:00,5.69,5.69,5.68,5.68,8300
FSC,2017-07-18,13:36:00,5.68,5.69,5.67,5.67,29121
FSC,2017-07-18,13:37:00,5.68,5.68,5.65,5.66,21860
FSC,2017-07-18,13:38:00,5.66,5.66,5.66,5.66,900
FSC,2017-07-18,13:39:00,5.66,5.66,5.65,5.65,17789
FSC,2017-07-18,13:40:00,5.65,5.65,5.63,5.63,41375
FSC,2017-07-18,13:41:00,5.63,5.64,5.63,5.63,1500
FSC,2017-07-18,13:42:00,5.64,5.67,5.63,5.67,10821
FSC,2017-07-18,13:43:00,5.67,5.67,5.67,5.67,2080
FSC,2017-07-18,13:44:00,5.67,5.67,5.67,5.67,1500
FSC,2017-07-18,13:45:00,5.67,5.67,5.67,5.67,1600
FSC,2017-07-18,13:46:00,5.67,5.67,5.66,5.67,6513
FSC,2017-07-18,13:47:00,5.67,5.67,5.66,5.67,2000
FSC,2017-07-18,13:48:00,5.67,5.67,5.67,5.67,2400
FSC,2017-07-18,13:49:00,5.67,5.67,5.66,5.67,10548
FSC,2017-07-18,13:50:00,5.67,5.67,5.62,5.64,52407
FSC,2017-07-18,13:51:00,5.64,5.64,5.61,5.63,50351
FSC,2017-07-18,13:52:00,5.63,5.63,5.61,5.62,46353
FSC,2017-07-18,13:53:00,5.61,5.62,5.61,5.61,6285
FSC,2017-07-18,13:54:00,5.62,5.62,5.62,5.62,700
FSC,2017-07-18,13:55:00,5.62,5.62,5.62,5.62,100
FSC,2017-07-18,13:56:00,5.61,5.62,5.61,5.61,1168
FSC,2017-07-18,13:57:00,5.61,5.62,5.61,5.62,2500
FSC,2017-07-18,13:58:00,5.62,5.62,5.62,5.62,1500
FSC,2017-07-18,13:59:00,5.62,5.63,5.62,5.63,4800
FSC,2017-07-18,14:00:00,5.63,5.63,5.62,5.62,3000
FSC,2017-07-18,14:01:00,5.63,5.63,5.62,5.63,1700
FSC,2017-07-18,14:02:00,5.63,5.63,5.62,5.62,8152
FSC,2017-07-18,14:03:00,5.62,5.62,5.62,5.62,1004
FSC,2017-07-18,14:04:00,5.62,5.63,5.62,5.63,4249
FSC,2017-07-18,14:05:00,5.62,5.62,5.62,5.62,4659
FSC,2017-07-18,14:06:00,5.61,5.62,5.61,5.62,6306
FSC,2017-07-18,14:07:00,5.62,5.63,5.62,5.63,1900
FSC,2017-07-18,14:08:00,5.63,5.63,5.63,5.63,1600
FSC,2017-07-18,14:09:00,5.63,5.63,5.62,5.63,1700
FSC,2017-07-18,14:10:00,5.63,5.63,5.62,5.63,1400
FSC,2017-07-18,14:11:00,5.63,5.63,5.62,5.63,1900
FSC,2017-07-18,14:12:00,5.63,5.63,5.62,5.62,4015
FSC,2017-07-18,14:13:00,5.62,5.62,5.62,5.62,4000
FSC,2017-07-18,14:14:00,5.63,5.63,5.63,5.63,1000
FSC,2017-07-18,14:15:00,5.63,5.63,5.63,5.63,1183
FSC,2017-07-18,14:16:00,5.63,5.63,5.63,5.63,1900
FSC,2017-07-18,14:17:00,5.63,5.63,5.63,5.63,1100
FSC,2017-07-18,14:18:00,5.63,5.63,5.63,5.63,2000
FSC,2017-07-18,14:19:00,5.63,5.63,5.63,5.63,1900
FSC,2017-07-18,14:20:00,5.63,5.63,5.62,5.62,14884
FSC,2017-07-18,14:21:00,5.62,5.62,5.61,5.62,23988
FSC,2017-07-18,14:22:00,5.63,5.63,5.63,5.63,200
FSC,2017-07-18,14:24:00,5.63,5.63,5.62,5.63,1968
FSC,2017-07-18,14:25:00,5.63,5.63,5.63,5.63,1698
FSC,2017-07-18,14:26:00,5.63,5.63,5.63,5.63,1900
FSC,2017-07-18,14:27:00,5.63,5.63,5.63,5.63,1600
FSC,2017-07-18,14:28:00,5.63,5.63,5.62,5.63,4839
FSC,2017-07-18,14:29:00,5.63,5.63,5.63,5.63,6073
FSC,2017-07-18,14:30:00,5.63,5.64,5.63,5.63,8800
FSC,2017-07-18,14:31:00,5.64,5.65,5.64,5.65,2800
FSC,2017-07-18,14:32:00,5.65,5.65,5.65,5.65,1900
FSC,2017-07-18,14:33:00,5.65,5.66,5.65,5.66,2155
FSC,2017-07-18,14:34:00,5.66,5.66,5.65,5.66,17840
FSC,2017-07-18,14:35:00,5.66,5.66,5.65,5.65,22901
FSC,2017-07-18,14:36:00,5.66,5.66,5.65,5.66,13953
FSC,2017-07-18,14:37:00,5.66,5.66,5.66,5.66,700
FSC,2017-07-18,14:38:00,5.66,5.66,5.66,5.66,3303
FSC,2017-07-18,14:39:00,5.66,5.66,5.66,5.66,2264
FSC,2017-07-18,14:40:00,5.66,5.66,5.65,5.65,9669
FSC,2017-07-18,14:41:00,5.66,5.66,5.66,5.66,10300
FSC,2017-07-18,14:42:00,5.66,5.66,5.65,5.65,2000
FSC,2017-07-18,14:43:00,5.66,5.66,5.65,5.65,5600
FSC,2017-07-18,14:44:00,5.66,5.66,5.66,5.66,1600
FSC,2017-07-18,14:45:00,5.66,5.66,5.66,5.66,600
FSC,2017-07-18,14:46:00,5.66,5.67,5.65,5.67,13673
FSC,2017-07-18,14:47:00,5.67,5.68,5.67,5.68,7290
FSC,2017-07-18,14:48:00,5.67,5.69,5.67,5.68,18791
FSC,2017-07-18,14:49:00,5.69,5.69,5.69,5.69,2100
FSC,2017-07-18,14:50:00,5.69,5.69,5.69,5.69,5376
FSC,2017-07-18,14:51:00,5.69,5.70,5.69,5.70,5052
FSC,2017-07-18,14:52:00,5.70,5.70,5.70,5.70,4300
FSC,2017-07-18,14:53:00,5.70,5.70,5.70,5.70,4573
FSC,2017-07-18,14:54:00,5.70,5.70,5.69,5.70,4000
FSC,2017-07-18,14:55:00,5.70,5.70,5.70,5.70,7500
FSC,2017-07-18,14:56:00,5.70,5.71,5.69,5.71,7190
FSC,2017-07-18,14:57:00,5.71,5.71,5.70,5.71,9039
FSC,2017-07-18,14:58:00,5.71,5.72,5.71,5.72,11958
FSC,2017-07-18,14:59:00,5.71,5.72,5.71,5.72,7652
FSC,2017-07-18,15:00:00,5.72,5.72,5.71,5.71,23172
FSC,2017-07-18,15:01:00,5.72,5.72,5.71,5.72,400
FSC,2017-07-18,15:02:00,5.72,5.72,5.71,5.72,900
FSC,2017-07-18,15:03:00,5.72,5.72,5.72,5.72,300
FSC,2017-07-18,15:04:00,5.72,5.72,5.71,5.72,800
FSC,2017-07-18,15:05:00,5.72,5.72,5.72,5.72,2400
FSC,2017-07-18,15:06:00,5.72,5.72,5.71,5.72,900
FSC,2017-07-18,15:07:00,5.72,5.72,5.71,5.71,10200
FSC,2017-07-18,15:08:00,5.71,5.72,5.71,5.71,5514
FSC,2017-07-18,15:09:00,5.72,5.72,5.71,5.72,1900
FSC,2017-07-18,15:10:00,5.72,5.72,5.70,5.71,27662
FSC,2017-07-18,15:11:00,5.71,5.71,5.71,5.71,7570
FSC,2017-07-18,15:12:00,5.71,5.71,5.70,5.71,21476
FSC,2017-07-18,15:14:00,5.71,5.71,5.70,5.71,2200
FSC,2017-07-18,15:15:00,5.71,5.71,5.70,5.71,2700
FSC,2017-07-18,15:16:00,5.71,5.71,5.70,5.71,640
FSC,2017-07-18,15:17:00,5.70,5.71,5.70,5.70,865
FSC,2017-07-18,15:18:00,5.70,5.70,5.70,5.70,100
FSC,2017-07-18,15:19:00,5.70,5.71,5.70,5.70,3480
FSC,2017-07-18,15:20:00,5.71,5.71,5.71,5.71,200
FSC,2017-07-18,15:21:00,5.70,5.71,5.70,5.71,900
FSC,2017-07-18,15:22:00,5.70,5.71,5.70,5.71,200
FSC,2017-07-18,15:23:00,5.71,5.71,5.70,5.70,400
FSC,2017-07-18,15:24:00,5.71,5.71,5.70,5.70,700
FSC,2017-07-18,15:25:00,5.70,5.71,5.69,5.70,29873
FSC,2017-07-18,15:26:00,5.69,5.70,5.69,5.70,609
FSC,2017-07-18,15:27:00,5.70,5.70,5.69,5.69,2000
FSC,2017-07-18,15:28:00,5.69,5.70,5.68,5.69,18252
FSC,2017-07-18,15:29:00,5.68,5.69,5.68,5.68,600
FSC,2017-07-18,15:30:00,5.68,5.68,5.68,5.68,100
FSC,2017-07-18,15:31:00,5.68,5.70,5.68,5.69,9343
FSC,2017-07-18,15:32:00,5.69,5.69,5.69,5.69,2413
FSC,2017-07-18,15:33:00,5.69,5.69,5.69,5.69,739
FSC,2017-07-18,15:34:00,5.69,5.70,5.68,5.68,19873
FSC,2017-07-18,15:35:00,5.68,5.68,5.68,5.68,265
FSC,2017-07-18,15:36:00,5.68,5.68,5.68,5.68,6606
FSC,2017-07-18,15:37:00,5.68,5.69,5.68,5.68,2600
FSC,2017-07-18,15:38:00,5.68,5.68,5.68,5.68,200
FSC,2017-07-18,15:39:00,5.68,5.69,5.68,5.69,800
FSC,2017-07-18,15:40:00,5.69,5.69,5.69,5.69,200
FSC,2017-07-18,15:41:00,5.68,5.69,5.68,5.69,2300
FSC,2017-07-18,15:42:00,5.69,5.69,5.68,5.69,6015
FSC,2017-07-18,15:43:00,5.69,5.69,5.68,5.68,500
FSC,2017-07-18,15:44:00,5.69,5.69,5.68,5.68,3065
FSC,2017-07-18,15:45:00,5.68,5.69,5.68,5.68,5900
FSC,2017-07-18,15:46:00,5.68,5.69,5.68,5.68,15477
FSC,2017-07-18,15:47:00,5.69,5.69,5.68,5.68,2066
FSC,2017-07-18,15:48:00,5.68,5.69,5.68,5.68,15790
FSC,2017-07-18,15:49:00,5.68,5.69,5.66,5.67,34079
FSC,2017-07-18,15:50:00,5.66,5.67,5.66,5.66,14409
FSC,2017-07-18,15:51:00,5.66,5.67,5.66,5.67,2504
FSC,2017-07-18,15:52:00,5.66,5.67,5.66,5.67,20434
FSC,2017-07-18,15:53:00,5.67,5.67,5.66,5.66,25836
FSC,2017-07-18,15:54:00,5.66,5.67,5.66,5.66,2500
FSC,2017-07-18,15:55:00,5.67,5.67,5.66,5.66,30739
FSC,2017-07-18,15:56:00,5.67,5.68,5.66,5.67,43859
FSC,2017-07-18,15:57:00,5.67,5.68,5.67,5.67,22500
FSC,2017-07-18,15:58:00,5.67,5.69,5.67,5.69,79893
FSC,2017-07-18,15:59:00,5.68,5.70,5.68,5.70,50250
FSC,2017-07-18,16:00:00,5.70,5.70,5.68,5.68,101517
FSC,2017-07-19,09:30:00,5.65,5.65,5.65,5.65,31489
FSC,2017-07-19,09:31:00,5.65,5.65,5.64,5.64,5600
FSC,2017-07-19,09:32:00,5.65,5.66,5.64,5.64,1850
FSC,2017-07-19,09:33:00,5.64,5.64,5.63,5.63,1490
FSC,2017-07-19,09:34:00,5.64,5.64,5.63,5.63,600
FSC,2017-07-19,09:35:00,5.65,5.65,5.63,5.65,32742
FSC,2017-07-19,09:36:00,5.65,5.66,5.65,5.66,1900
FSC,2017-07-19,09:37:00,5.67,5.67,5.62,5.62,14896
FSC,2017-07-19,09:38:00,5.62,5.62,5.61,5.61,2060
FSC,2017-07-19,09:39:00,5.62,5.62,5.61,5.61,1008
FSC,2017-07-19,09:40:00,5.62,5.62,5.61,5.62,6200
FSC,2017-07-19,09:41:00,5.62,5.62,5.61,5.62,18100
FSC,2017-07-19,09:42:00,5.62,5.62,5.62,5.62,19684
FSC,2017-07-19,09:43:00,5.61,5.61,5.61,5.61,1976
FSC,2017-07-19,09:44:00,5.61,5.61,5.61,5.61,1200
FSC,2017-07-19,09:45:00,5.61,5.61,5.60,5.60,936
FSC,2017-07-19,09:46:00,5.61,5.61,5.61,5.61,100
FSC,2017-07-19,09:47:00,5.61,5.63,5.61,5.62,3690
FSC,2017-07-19,09:48:00,5.62,5.63,5.62,5.62,5100
FSC,2017-07-19,09:49:00,5.62,5.62,5.61,5.61,1000
FSC,2017-07-19,09:50:00,5.62,5.62,5.62,5.62,100
FSC,2017-07-19,09:51:00,5.62,5.63,5.62,5.63,2600
FSC,2017-07-19,09:52:00,5.63,5.63,5.63,5.63,100
FSC,2017-07-19,09:53:00,5.63,5.63,5.60,5.61,8876
FSC,2017-07-19,09:54:00,5.61,5.61,5.61,5.61,200
FSC,2017-07-19,09:56:00,5.61,5.62,5.61,5.61,1607
FSC,2017-07-19,09:57:00,5.62,5.62,5.61,5.61,1700
FSC,2017-07-19,09:58:00,5.62,5.62,5.59,5.59,14890
FSC,2017-07-19,09:59:00,5.60,5.60,5.60,5.60,1000
FSC,2017-07-19,10:00:00,5.59,5.59,5.59,5.59,300
FSC,2017-07-19,10:01:00,5.60,5.60,5.60,5.60,5016
FSC,2017-07-19,10:02:00,5.61,5.62,5.61,5.62,3800
FSC,2017-07-19,10:03:00,5.62,5.62,5.62,5.62,1100
FSC,2017-07-19,10:04:00,5.62,5.63,5.62,5.63,2963
FSC,2017-07-19,10:05:00,5.63,5.63,5.62,5.62,4115
FSC,2017-07-19,10:06:00,5.62,5.63,5.62,5.62,3150
FSC,2017-07-19,10:07:00,5.62,5.63,5.62,5.62,2220
FSC,2017-07-19,10:08:00,5.63,5.63,5.62,5.62,1400
FSC,2017-07-19,10:09:00,5.62,5.63,5.61,5.62,10969
FSC,2017-07-19,10:10:00,5.61,5.61,5.61,5.61,1500
FSC,2017-07-19,10:11:00,5.61,5.61,5.60,5.60,8520
FSC,2017-07-19,10:12:00,5.60,5.60,5.58,5.59,23551
FSC,2017-07-19,10:14:00,5.59,5.59,5.59,5.59,2595
FSC,2017-07-19,10:15:00,5.59,5.62,5.59,5.62,13745
FSC,2017-07-19,10:16:00,5.61,5.61,5.61,5.61,1500
FSC,2017-07-19,10:17:00,5.62,5.62,5.62,5.62,800
FSC,2017-07-19,10:18:00,5.62,5.62,5.61,5.61,12801
FSC,2017-07-19,10:19:00,5.62,5.62,5.62,5.62,1600
FSC,2017-07-19,10:20:00,5.62,5.62,5.62,5.62,1000
FSC,2017-07-19,10:21:00,5.62,5.62,5.61,5.62,4395
FSC,2017-07-19,10:22:00,5.62,5.62,5.62,5.62,1600
FSC,2017-07-19,10:23:00,5.62,5.62,5.61,5.62,2100
FSC,2017-07-19,10:24:00,5.62,5.62,5.62,5.62,800
FSC,2017-07-19,10:25:00,5.62,5.62,5.62,5.62,1600
FSC,2017-07-19,10:26:00,5.62,5.62,5.61,5.62,1865
FSC,2017-07-19,10:27:00,5.62,5.62,5.61,5.62,7745
FSC,2017-07-19,10:28:00,5.62,5.62,5.62,5.62,1000
FSC,2017-07-19,10:29:00,5.62,5.62,5.62,5.62,1600
FSC,2017-07-19,10:30:00,5.62,5.62,5.62,5.62,800
FSC,2017-07-19,10:31:00,5.62,5.62,5.62,5.62,14391
FSC,2017-07-19,10:32:00,5.62,5.62,5.62,5.62,1400
FSC,2017-07-19,10:33:00,5.62,5.62,5.62,5.62,3400
FSC,2017-07-19,10:34:00,5.63,5.63,5.62,5.62,3700
FSC,2017-07-19,10:35:00,5.62,5.62,5.62,5.62,1300
FSC,2017-07-19,10:36:00,5.62,5.63,5.62,5.62,6300
FSC,2017-07-19,10:37:00,5.62,5.62,5.62,5.62,1200
FSC,2017-07-19,10:38:00,5.62,5.62,5.62,5.62,900
FSC,2017-07-19,10:39:00,5.62,5.62,5.60,5.60,15820
FSC,2017-07-19,10:40:00,5.60,5.61,5.59,5.59,26637
FSC,2017-07-19,10:41:00,5.59,5.59,5.59,5.59,1240
FSC,2017-07-19,10:43:00,5.60,5.60,5.59,5.59,2400
FSC,2017-07-19,10:44:00,5.59,5.59,5.59,5.59,11774
FSC,2017-07-19,10:45:00,5.59,5.59,5.59,5.59,2200
FSC,2017-07-19,10:46:00,5.60,5.60,5.60,5.60,160
FSC,2017-07-19,10:47:00,5.59,5.59,5.59,5.59,800
FSC,2017-07-19,10:48:00,5.59,5.59,5.59,5.59,200
FSC,2017-07-19,10:49:00,5.59,5.59,5.59,5.59,2700
FSC,2017-07-19,10:50:00,5.59,5.60,5.59,5.60,6600
FSC,2017-07-19,10:51:00,5.60,5.60,5.60,5.60,1000
FSC,2017-07-19,10:52:00,5.60,5.60,5.60,5.60,1400
FSC,2017-07-19,10:53:00,5.60,5.61,5.60,5.60,9852
FSC,2017-07-19,10:54:00,5.60,5.60,5.60,5.60,600
FSC,2017-07-19,10:55:00,5.60,5.60,5.60,5.60,2300
FSC,2017-07-19,10:56:00,5.60,5.60,5.60,5.60,4800
FSC,2017-07-19,10:57:00,5.60,5.60,5.60,5.60,1500
FSC,2017-07-19,10:58:00,5.60,5.60,5.60,5.60,1400
FSC,2017-07-19,10:59:00,5.60,5.60,5.59,5.60,3845
FSC,2017-07-19,11:00:00,5.60,5.60,5.58,5.58,10600
FSC,2017-07-19,11:01:00,5.59,5.59,5.58,5.58,1200
FSC,2017-07-19,11:02:00,5.59,5.60,5.59,5.59,5704
FSC,2017-07-19,11:04:00,5.60,5.60,5.60,5.60,4670
FSC,2017-07-19,11:05:00,5.59,5.59,5.59,5.59,920
FSC,2017-07-19,11:06:00,5.59,5.61,5.59,5.61,8031
FSC,2017-07-19,11:07:00,5.60,5.61,5.60,5.61,2300
FSC,2017-07-19,11:08:00,5.61,5.61,5.60,5.60,3900
FSC,2017-07-19,11:09:00,5.61,5.61,5.61,5.61,1000
FSC,2017-07-19,11:10:00,5.61,5.61,5.61,5.61,1360
FSC,2017-07-19,11:11:00,5.61,5.61,5.60,5.61,2260
FSC,2017-07-19,11:12:00,5.61,5.61,5.60,5.61,2800
FSC,2017-07-19,11:13:00,5.60,5.61,5.60,5.60,8690
FSC,2017-07-19,11:14:00,5.61,5.61,5.60,5.61,7800
FSC,2017-07-19,11:15:00,5.61,5.62,5.61,5.61,6300
FSC,2017-07-19,11:16:00,5.61,5.62,5.61,5.62,1596
FSC,2017-07-19,11:17:00,5.62,5.62,5.62,5.62,1500
FSC,2017-07-19,11:18:00,5.62,5.62,5.62,5.62,800
FSC,2017-07-19,11:19:00,5.62,5.62,5.62,5.62,2100
FSC,2017-07-19,11:20:00,5.62,5.62,5.62,5.62,1100
FSC,2017-07-19,11:21:00,5.62,5.62,5.62,5.62,1500
FSC,2017-07-19,11:22:00,5.62,5.63,5.62,5.62,5218
FSC,2017-07-19,11:23:00,5.62,5.63,5.62,5.63,1200
FSC,2017-07-19,11:24:00,5.63,5.63,5.62,5.63,1300
FSC,2017-07-19,11:25:00,5.63,5.63,5.62,5.63,1200
FSC,2017-07-19,11:26:00,5.63,5.63,5.62,5.62,7811
FSC,2017-07-19,11:27:00,5.62,5.63,5.62,5.62,1000
FSC,2017-07-19,11:28:00,5.62,5.63,5.62,5.62,4200
FSC,2017-07-19,11:29:00,5.62,5.63,5.62,5.63,1000
FSC,2017-07-19,11:30:00,5.62,5.63,5.62,5.63,1200
FSC,2017-07-19,11:31:00,5.63,5.63,5.62,5.63,2623
FSC,2017-07-19,11:32:00,5.63,5.63,5.63,5.63,500
FSC,2017-07-19,11:33:00,5.63,5.63,5.63,5.63,1590
FSC,2017-07-19,11:34:00,5.63,5.63,5.63,5.63,1200
FSC,2017-07-19,11:35:00,5.62,5.63,5.62,5.63,5035
FSC,2017-07-19,11:36:00,5.64,5.64,5.64,5.64,2300
FSC,2017-07-19,11:37:00,5.64,5.65,5.64,5.64,9100
FSC,2017-07-19,11:38:00,5.64,5.64,5.63,5.64,12216
FSC,2017-07-19,11:42:00,5.63,5.64,5.63,5.63,1000
FSC,2017-07-19,11:43:00,5.64,5.64,5.63,5.63,1100
FSC,2017-07-19,11:44:00,5.63,5.64,5.63,5.63,1000
FSC,2017-07-19,11:45:00,5.64,5.64,5.63,5.63,1598
FSC,2017-07-19,11:46:00,5.63,5.64,5.63,5.63,4677
FSC,2017-07-19,11:47:00,5.63,5.64,5.62,5.62,17156
FSC,2017-07-19,11:50:00,5.62,5.62,5.62,5.62,500
FSC,2017-07-19,11:52:00,5.62,5.62,5.62,5.62,276
FSC,2017-07-19,11:54:00,5.62,5.62,5.62,5.62,2000
FSC,2017-07-19,11:55:00,5.62,5.63,5.62,5.62,900
FSC,2017-07-19,11:56:00,5.62,5.62,5.62,5.62,3071
FSC,2017-07-19,11:57:00,5.62,5.63,5.62,5.62,4224
FSC,2017-07-19,11:58:00,5.62,5.63,5.62,5.62,1100
FSC,2017-07-19,11:59:00,5.62,5.63,5.62,5.62,1000
FSC,2017-07-19,12:00:00,5.62,5.62,5.62,5.62,500
FSC,2017-07-19,12:01:00,5.63,5.63,5.63,5.63,3217
FSC,2017-07-19,12:02:00,5.63,5.63,5.62,5.63,3153
FSC,2017-07-19,12:03:00,5.63,5.64,5.63,5.64,3714
FSC,2017-07-19,12:04:00,5.64,5.64,5.64,5.64,303
FSC,2017-07-19,12:05:00,5.64,5.64,5.64,5.64,974
FSC,2017-07-19,12:06:00,5.64,5.65,5.64,5.65,16229
FSC,2017-07-19,12:07:00,5.65,5.65,5.65,5.65,1900
FSC,2017-07-19,12:08:00,5.65,5.65,5.64,5.65,800
FSC,2017-07-19,12:09:00,5.65,5.65,5.64,5.65,3900
FSC,2017-07-19,12:10:00,5.64,5.65,5.64,5.65,5611
FSC,2017-07-19,12:11:00,5.65,5.65,5.65,5.65,100
FSC,2017-07-19,12:12:00,5.65,5.65,5.62,5.62,22330
FSC,2017-07-19,12:14:00,5.62,5.62,5.62,5.62,2200
FSC,2017-07-19,12:15:00,5.63,5.63,5.61,5.62,19186
FSC,2017-07-19,12:17:00,5.62,5.62,5.62,5.62,5161
FSC,2017-07-19,12:18:00,5.62,5.62,5.62,5.62,800
FSC,2017-07-19,12:19:00,5.62,5.62,5.62,5.62,12556
FSC,2017-07-19,12:23:00,5.62,5.62,5.62,5.62,300
FSC,2017-07-19,12:24:00,5.62,5.62,5.62,5.62,500
FSC,2017-07-19,12:25:00,5.62,5.62,5.62,5.62,900
FSC,2017-07-19,12:26:00,5.62,5.62,5.62,5.62,400
FSC,2017-07-19,12:27:00,5.62,5.62,5.62,5.62,500
FSC,2017-07-19,12:28:00,5.62,5.62,5.61,5.62,1620
FSC,2017-07-19,12:29:00,5.62,5.62,5.62,5.62,1220
FSC,2017-07-19,12:30:00,5.62,5.62,5.61,5.61,4300
FSC,2017-07-19,12:31:00,5.62,5.62,5.62,5.62,900
FSC,2017-07-19,12:32:00,5.62,5.62,5.61,5.61,1125
FSC,2017-07-19,12:33:00,5.62,5.62,5.62,5.62,900
FSC,2017-07-19,12:34:00,5.62,5.62,5.62,5.62,600
FSC,2017-07-19,12:35:00,5.62,5.62,5.61,5.61,3750
FSC,2017-07-19,12:36:00,5.62,5.62,5.62,5.62,800
FSC,2017-07-19,12:37:00,5.62,5.62,5.62,5.62,900
FSC,2017-07-19,12:38:00,5.62,5.62,5.62,5.62,1100
FSC,2017-07-19,12:39:00,5.62,5.62,5.62,5.62,900
FSC,2017-07-19,12:40:00,5.61,5.62,5.61,5.61,6903
FSC,2017-07-19,12:41:00,5.62,5.62,5.62,5.62,950
FSC,2017-07-19,12:42:00,5.62,5.62,5.62,5.62,1000
FSC,2017-07-19,12:43:00,5.62,5.62,5.62,5.62,400
FSC,2017-07-19,12:44:00,5.62,5.62,5.61,5.62,1400
FSC,2017-07-19,12:45:00,5.62,5.62,5.61,5.61,1398
FSC,2017-07-19,12:46:00,5.62,5.62,5.62,5.62,1218
FSC,2017-07-19,12:47:00,5.62,5.62,5.61,5.61,1662
FSC,2017-07-19,12:48:00,5.62,5.62,5.62,5.62,1000
FSC,2017-07-19,12:49:00,5.62,5.62,5.61,5.62,1800
FSC,2017-07-19,12:50:00,5.62,5.62,5.61,5.61,3050
FSC,2017-07-19,12:51:00,5.62,5.62,5.62,5.62,800
FSC,2017-07-19,12:52:00,5.61,5.62,5.61,5.62,5100
FSC,2017-07-19,12:53:00,5.62,5.62,5.61,5.62,11000
FSC,2017-07-19,12:54:00,5.62,5.62,5.61,5.61,1850
FSC,2017-07-19,12:55:00,5.62,5.62,5.61,5.61,1692
FSC,2017-07-19,12:56:00,5.62,5.62,5.62,5.62,1000
FSC,2017-07-19,12:57:00,5.62,5.62,5.61,5.62,2800
FSC,2017-07-19,12:58:00,5.62,5.63,5.62,5.63,5248
FSC,2017-07-19,12:59:00,5.62,5.63,5.62,5.63,4724
FSC,2017-07-19,13:00:00,5.63,5.63,5.62,5.63,1700
FSC,2017-07-19,13:01:00,5.63,5.63,5.63,5.63,1600
FSC,2017-07-19,13:02:00,5.63,5.63,5.62,5.62,2869
FSC,2017-07-19,13:03:00,5.62,5.62,5.62,5.62,4993
FSC,2017-07-19,13:04:00,5.62,5.62,5.62,5.62,100
FSC,2017-07-19,13:05:00,5.62,5.62,5.62,5.62,1276
FSC,2017-07-19,13:06:00,5.63,5.63,5.61,5.62,13300
FSC,2017-07-19,13:07:00,5.62,5.62,5.61,5.61,7300
FSC,2017-07-19,13:08:00,5.61,5.61,5.60,5.61,2000
FSC,2017-07-19,13:09:00,5.61,5.61,5.60,5.60,200
FSC,2017-07-19,13:10:00,5.60,5.61,5.59,5.59,4960
FSC,2017-07-19,13:11:00,5.60,5.60,5.59,5.59,250
FSC,2017-07-19,13:12:00,5.60,5.60,5.60,5.60,200
FSC,2017-07-19,13:13:00,5.60,5.61,5.59,5.59,17656
FSC,2017-07-19,13:15:00,5.59,5.59,5.59,5.59,2500
FSC,2017-07-19,13:16:00,5.59,5.59,5.59,5.59,500
FSC,2017-07-19,13:18:00,5.59,5.59,5.56,5.57,16515
FSC,2017-07-19,13:20:00,5.58,5.58,5.58,5.58,1179
FSC,2017-07-19,13:21:00,5.57,5.58,5.57,5.57,3766
FSC,2017-07-19,13:22:00,5.58,5.58,5.58,5.58,100
FSC,2017-07-19,13:23:00,5.58,5.58,5.57,5.57,3075
FSC,2017-07-19,13:25:00,5.57,5.58,5.57,5.57,2402
FSC,2017-07-19,13:28:00,5.57,5.57,5.57,5.57,700
FSC,2017-07-19,13:29:00,5.58,5.58,5.57,5.58,13824
FSC,2017-07-19,13:30:00,5.58,5.58,5.58,5.58,800
FSC,2017-07-19,13:31:00,5.58,5.58,5.57,5.57,4678
FSC,2017-07-19,13:32:00,5.58,5.58,5.58,5.58,1000
FSC,2017-07-19,13:33:00,5.58,5.58,5.57,5.58,16369
FSC,2017-07-19,13:34:00,5.58,5.58,5.58,5.58,600
FSC,2017-07-19,13:35:00,5.58,5.58,5.57,5.58,1700
FSC,2017-07-19,13:36:00,5.58,5.58,5.57,5.58,1654
FSC,2017-07-19,13:37:00,5.58,5.58,5.58,5.58,1300
FSC,2017-07-19,13:38:00,5.58,5.58,5.57,5.58,5600
FSC,2017-07-19,13:39:00,5.58,5.58,5.58,5.58,700
FSC,2017-07-19,13:40:00,5.57,5.58,5.57,5.58,1500
FSC,2017-07-19,13:41:00,5.58,5.58,5.58,5.58,600
FSC,2017-07-19,13:42:00,5.58,5.58,5.58,5.58,600
FSC,2017-07-19,13:43:00,5.58,5.58,5.58,5.58,1100
FSC,2017-07-19,13:44:00,5.57,5.58,5.57,5.58,3800
FSC,2017-07-19,13:45:00,5.58,5.58,5.56,5.57,16187
FSC,2017-07-19,13:46:00,5.57,5.58,5.57,5.58,5683
FSC,2017-07-19,13:47:00,5.57,5.57,5.57,5.57,200
FSC,2017-07-19,13:48:00,5.57,5.57,5.56,5.56,20625
FSC,2017-07-19,13:49:00,5.56,5.56,5.56,5.56,200
FSC,2017-07-19,13:50:00,5.56,5.56,5.56,5.56,1000
FSC,2017-07-19,13:51:00,5.57,5.57,5.56,5.56,2471
FSC,2017-07-19,13:52:00,5.56,5.56,5.56,5.56,471
FSC,2017-07-19,13:54:00,5.56,5.56,5.56,5.56,2464
FSC,2017-07-19,13:56:00,5.56,5.57,5.56,5.57,2460
FSC,2017-07-19,13:57:00,5.57,5.57,5.56,5.57,1800
FSC,2017-07-19,13:58:00,5.57,5.57,5.56,5.57,7378
FSC,2017-07-19,13:59:00,5.57,5.57,5.57,5.57,600
FSC,2017-07-19,14:00:00,5.57,5.57,5.57,5.57,1400
FSC,2017-07-19,14:01:00,5.57,5.57,5.57,5.57,1700
FSC,2017-07-19,14:02:00,5.57,5.57,5.57,5.57,7800
FSC,2017-07-19,14:03:00,5.57,5.57,5.56,5.57,1900
FSC,2017-07-19,14:04:00,5.57,5.57,5.57,5.57,800
FSC,2017-07-19,14:05:00,5.57,5.57,5.57,5.57,900
FSC,2017-07-19,14:06:00,5.57,5.58,5.56,5.58,14805
FSC,2017-07-19,14:07:00,5.58,5.58,5.58,5.58,1000
FSC,2017-07-19,14:08:00,5.58,5.58,5.58,5.58,1000
FSC,2017-07-19,14:09:00,5.58,5.59,5.58,5.59,11535
FSC,2017-07-19,14:10:00,5.59,5.59,5.58,5.59,1077
FSC,2017-07-19,14:11:00,5.58,5.59,5.58,5.59,2298
FSC,2017-07-19,14:12:00,5.59,5.59,5.59,5.59,1200
FSC,2017-07-19,14:13:00,5.58,5.59,5.58,5.59,900
FSC,2017-07-19,14:14:00,5.59,5.59,5.59,5.59,800
FSC,2017-07-19,14:15:00,5.59,5.59,5.58,5.58,2834
FSC,2017-07-19,14:16:00,5.59,5.59,5.59,5.59,800
FSC,2017-07-19,14:17:00,5.58,5.59,5.58,5.59,700
FSC,2017-07-19,14:18:00,5.59,5.59,5.59,5.59,800
FSC,2017-07-19,14:19:00,5.58,5.59,5.58,5.59,3700
FSC,2017-07-19,14:20:00,5.59,5.59,5.58,5.58,1100
FSC,2017-07-19,14:21:00,5.59,5.59,5.58,5.59,7000
FSC,2017-07-19,14:22:00,5.59,5.59,5.58,5.58,1000
FSC,2017-07-19,14:23:00,5.59,5.59,5.59,5.59,1100
FSC,2017-07-19,14:24:00,5.59,5.59,5.59,5.59,1485
FSC,2017-07-19,14:25:00,5.59,5.59,5.59,5.59,2696
FSC,2017-07-19,14:26:00,5.60,5.60,5.59,5.60,1000
FSC,2017-07-19,14:27:00,5.60,5.60,5.59,5.60,1200
FSC,2017-07-19,14:28:00,5.60,5.60,5.60,5.60,1300
FSC,2017-07-19,14:29:00,5.60,5.60,5.60,5.60,900
FSC,2017-07-19,14:30:00,5.60,5.60,5.60,5.60,1310
FSC,2017-07-19,14:31:00,5.60,5.60,5.59,5.59,4106
FSC,2017-07-19,14:32:00,5.59,5.60,5.59,5.60,4050
FSC,2017-07-19,14:33:00,5.59,5.60,5.59,5.59,10981
FSC,2017-07-19,14:34:00,5.59,5.60,5.59,5.60,1500
FSC,2017-07-19,14:35:00,5.60,5.60,5.59,5.60,1263
FSC,2017-07-19,14:36:00,5.60,5.60,5.60,5.60,1100
FSC,2017-07-19,14:37:00,5.60,5.60,5.60,5.60,900
FSC,2017-07-19,14:38:00,5.60,5.60,5.60,5.60,800
FSC,2017-07-19,14:39:00,5.60,5.60,5.59,5.60,1651
FSC,2017-07-19,14:40:00,5.60,5.60,5.60,5.60,1100
FSC,2017-07-19,14:41:00,5.60,5.60,5.58,5.59,11967
FSC,2017-07-19,14:42:00,5.59,5.59,5.59,5.59,2000
FSC,2017-07-19,14:44:00,5.58,5.59,5.58,5.58,15700
FSC,2017-07-19,14:45:00,5.59,5.59,5.58,5.58,1798
FSC,2017-07-19,14:46:00,5.58,5.59,5.58,5.59,2420
FSC,2017-07-19,14:48:00,5.59,5.59,5.59,5.59,1100
FSC,2017-07-19,14:49:00,5.59,5.59,5.58,5.58,1200
FSC,2017-07-19,14:50:00,5.59,5.59,5.58,5.58,812
FSC,2017-07-19,14:51:00,5.59,5.59,5.58,5.58,3900
FSC,2017-07-19,14:52:00,5.58,5.59,5.58,5.58,1400
FSC,2017-07-19,14:53:00,5.58,5.59,5.58,5.59,1400
FSC,2017-07-19,14:54:00,5.58,5.59,5.58,5.58,800
FSC,2017-07-19,14:55:00,5.58,5.59,5.58,5.59,1500
FSC,2017-07-19,14:56:00,5.59,5.59,5.59,5.59,3200
FSC,2017-07-19,14:57:00,5.58,5.59,5.58,5.59,900
FSC,2017-07-19,14:58:00,5.59,5.59,5.59,5.59,1600
FSC,2017-07-19,14:59:00,5.59,5.60,5.59,5.60,2836
FSC,2017-07-19,15:00:00,5.60,5.60,5.60,5.60,700
FSC,2017-07-19,15:01:00,5.60,5.60,5.59,5.59,4839
FSC,2017-07-19,15:02:00,5.60,5.60,5.59,5.60,500
FSC,2017-07-19,15:03:00,5.59,5.60,5.59,5.60,3000
FSC,2017-07-19,15:05:00,5.60,5.60,5.60,5.60,300
FSC,2017-07-19,15:06:00,5.59,5.60,5.59,5.60,300
FSC,2017-07-19,15:07:00,5.59,5.59,5.59,5.59,300
FSC,2017-07-19,15:08:00,5.59,5.59,5.58,5.58,8760
FSC,2017-07-19,15:11:00,5.58,5.58,5.58,5.58,900
FSC,2017-07-19,15:13:00,5.58,5.58,5.58,5.58,2700
FSC,2017-07-19,15:15:00,5.58,5.58,5.58,5.58,1000
FSC,2017-07-19,15:16:00,5.58,5.58,5.58,5.58,1400
FSC,2017-07-19,15:17:00,5.58,5.58,5.56,5.57,54987
FSC,2017-07-19,15:18:00,5.57,5.57,5.57,5.57,650
FSC,2017-07-19,15:20:00,5.56,5.57,5.56,5.57,1904
FSC,2017-07-19,15:21:00,5.56,5.57,5.56,5.57,4036
FSC,2017-07-19,15:23:00,5.57,5.57,5.55,5.56,38865
FSC,2017-07-19,15:24:00,5.56,5.56,5.54,5.54,47213
FSC,2017-07-19,15:25:00,5.54,5.54,5.54,5.54,1059
FSC,2017-07-19,15:26:00,5.54,5.54,5.54,5.54,4521
FSC,2017-07-19,15:27:00,5.54,5.54,5.54,5.54,649
FSC,2017-07-19,15:28:00,5.54,5.54,5.54,5.54,2300
FSC,2017-07-19,15:29:00,5.54,5.55,5.54,5.55,1500
FSC,2017-07-19,15:30:00,5.55,5.55,5.55,5.55,468
FSC,2017-07-19,15:31:00,5.54,5.54,5.54,5.54,900
FSC,2017-07-19,15:32:00,5.55,5.55,5.54,5.54,1408
FSC,2017-07-19,15:33:00,5.54,5.54,5.54,5.54,2500
FSC,2017-07-19,15:34:00,5.54,5.54,5.54,5.54,200
FSC,2017-07-19,15:35:00,5.54,5.54,5.54,5.54,100
FSC,2017-07-19,15:36:00,5.54,5.54,5.54,5.54,1019
FSC,2017-07-19,15:37:00,5.54,5.54,5.54,5.54,5153
FSC,2017-07-19,15:38:00,5.54,5.55,5.54,5.54,1020
FSC,2017-07-19,15:39:00,5.54,5.54,5.54,5.54,433
FSC,2017-07-19,15:40:00,5.54,5.54,5.54,5.54,300
FSC,2017-07-19,15:41:00,5.54,5.54,5.53,5.54,25146
FSC,2017-07-19,15:42:00,5.53,5.53,5.53,5.53,500
FSC,2017-07-19,15:43:00,5.54,5.54,5.54,5.54,280
FSC,2017-07-19,15:44:00,5.54,5.54,5.53,5.54,5202
FSC,2017-07-19,15:45:00,5.54,5.54,5.54,5.54,3976
FSC,2017-07-19,15:46:00,5.54,5.55,5.54,5.54,1170
FSC,2017-07-19,15:47:00,5.55,5.55,5.54,5.54,5186
FSC,2017-07-19,15:48:00,5.54,5.54,5.54,5.54,800
FSC,2017-07-19,15:49:00,5.54,5.55,5.54,5.55,7234
FSC,2017-07-19,15:50:00,5.54,5.54,5.54,5.54,2558
FSC,2017-07-19,15:51:00,5.54,5.55,5.54,5.55,3782
FSC,2017-07-19,15:52:00,5.54,5.55,5.54,5.55,2900
FSC,2017-07-19,15:53:00,5.55,5.55,5.54,5.54,1700
FSC,2017-07-19,15:54:00,5.54,5.55,5.54,5.54,11756
FSC,2017-07-19,15:55:00,5.55,5.55,5.54,5.55,8746
FSC,2017-07-19,15:56:00,5.55,5.55,5.54,5.55,31111
FSC,2017-07-19,15:57:00,5.55,5.56,5.54,5.55,30147
FSC,2017-07-19,15:58:00,5.56,5.56,5.55,5.56,5300
FSC,2017-07-19,15:59:00,5.56,5.56,5.55,5.55,6840
FSC,2017-07-19,16:00:00,5.56,5.56,5.55,5.55,37816
FSC,2017-07-20,09:30:00,5.50,5.50,5.49,5.49,23361
FSC,2017-07-20,09:31:00,5.49,5.50,5.49,5.50,5336
FSC,2017-07-20,09:33:00,5.51,5.52,5.51,5.52,400
FSC,2017-07-20,09:34:00,5.52,5.52,5.48,5.49,20160
FSC,2017-07-20,09:35:00,5.50,5.50,5.50,5.50,300
FSC,2017-07-20,09:36:00,5.51,5.51,5.50,5.50,7647
FSC,2017-07-20,09:37:00,5.51,5.51,5.50,5.50,14856
FSC,2017-07-20,09:38:00,5.50,5.50,5.49,5.49,16541
FSC,2017-07-20,09:39:00,5.50,5.50,5.49,5.49,11263
FSC,2017-07-20,09:41:00,5.50,5.50,5.49,5.50,4200
FSC,2017-07-20,09:42:00,5.49,5.50,5.48,5.48,19196
FSC,2017-07-20,09:43:00,5.48,5.49,5.48,5.48,17600
FSC,2017-07-20,09:44:00,5.49,5.49,5.48,5.48,500
FSC,2017-07-20,09:45:00,5.49,5.49,5.48,5.48,2377
FSC,2017-07-20,09:46:00,5.47,5.48,5.47,5.48,6923
FSC,2017-07-20,09:47:00,5.47,5.47,5.47,5.47,3430
FSC,2017-07-20,09:48:00,5.46,5.46,5.46,5.46,5000
FSC,2017-07-20,09:49:00,5.46,5.49,5.46,5.49,14762
FSC,2017-07-20,09:50:00,5.49,5.49,5.48,5.49,6400
FSC,2017-07-20,09:51:00,5.49,5.49,5.49,5.49,100
FSC,2017-07-20,09:52:00,5.49,5.49,5.49,5.49,100
FSC,2017-07-20,09:53:00,5.48,5.49,5.48,5.49,9992
FSC,2017-07-20,09:54:00,5.48,5.49,5.48,5.49,12600
FSC,2017-07-20,09:56:00,5.49,5.49,5.48,5.48,4298
FSC,2017-07-20,09:57:00,5.49,5.49,5.49,5.49,1400
FSC,2017-07-20,09:58:00,5.50,5.50,5.50,5.50,8732
FSC,2017-07-20,09:59:00,5.51,5.51,5.51,5.51,5100
FSC,2017-07-20,10:00:00,5.50,5.52,5.50,5.52,3768
FSC,2017-07-20,10:01:00,5.52,5.52,5.51,5.51,2300
FSC,2017-07-20,10:02:00,5.51,5.53,5.51,5.52,7143
FSC,2017-07-20,10:04:00,5.52,5.52,5.52,5.52,5100
FSC,2017-07-20,10:05:00,5.52,5.52,5.52,5.52,100
FSC,2017-07-20,10:06:00,5.52,5.52,5.52,5.52,2000
FSC,2017-07-20,10:08:00,5.52,5.52,5.52,5.52,1822
FSC,2017-07-20,10:09:00,5.53,5.53,5.52,5.52,600
FSC,2017-07-20,10:12:00,5.53,5.53,5.53,5.53,1200
FSC,2017-07-20,10:13:00,5.53,5.53,5.52,5.53,10649
FSC,2017-07-20,10:14:00,5.52,5.52,5.52,5.52,100
FSC,2017-07-20,10:15:00,5.53,5.53,5.52,5.52,10300
FSC,2017-07-20,10:17:00,5.52,5.53,5.52,5.53,300
FSC,2017-07-20,10:18:00,5.53,5.53,5.52,5.52,4800
FSC,2017-07-20,10:19:00,5.52,5.53,5.51,5.52,18539
FSC,2017-07-20,10:20:00,5.51,5.51,5.50,5.50,61042
FSC,2017-07-20,10:21:00,5.49,5.49,5.47,5.48,9535
FSC,2017-07-20,10:22:00,5.48,5.49,5.48,5.49,4745
FSC,2017-07-20,10:23:00,5.49,5.49,5.49,5.49,10300
FSC,2017-07-20,10:24:00,5.50,5.50,5.49,5.50,1700
FSC,2017-07-20,10:25:00,5.51,5.51,5.50,5.50,700
FSC,2017-07-20,10:27:00,5.50,5.50,5.50,5.50,100
FSC,2017-07-20,10:28:00,5.50,5.50,5.50,5.50,100
FSC,2017-07-20,10:29:00,5.50,5.50,5.50,5.50,100
FSC,2017-07-20,10:30:00,5.50,5.51,5.50,5.50,6500
FSC,2017-07-20,10:31:00,5.51,5.51,5.50,5.50,6604
FSC,2017-07-20,10:32:00,5.50,5.50,5.50,5.50,23750
FSC,2017-07-20,10:33:00,5.50,5.50,5.50,5.50,2400
FSC,2017-07-20,10:34:00,5.50,5.50,5.50,5.50,500
FSC,2017-07-20,10:35:00,5.50,5.50,5.50,5.50,200
FSC,2017-07-20,10:36:00,5.51,5.51,5.50,5.50,400
FSC,2017-07-20,10:37:00,5.50,5.51,5.50,5.50,300
FSC,2017-07-20,10:38:00,5.50,5.50,5.50,5.50,100
FSC,2017-07-20,10:39:00,5.50,5.50,5.50,5.50,300
FSC,2017-07-20,10:40:00,5.50,5.50,5.50,5.50,9700
FSC,2017-07-20,10:41:00,5.50,5.50,5.50,5.50,100
FSC,2017-07-20,10:42:00,5.50,5.50,5.50,5.50,400
FSC,2017-07-20,10:43:00,5.50,5.51,5.50,5.50,1000
FSC,2017-07-20,10:45:00,5.50,5.50,5.50,5.50,200
FSC,2017-07-20,10:47:00,5.51,5.51,5.51,5.51,200
FSC,2017-07-20,10:48:00,5.50,5.50,5.50,5.50,300
FSC,2017-07-20,10:49:00,5.50,5.50,5.50,5.50,1000
FSC,2017-07-20,10:50:00,5.50,5.51,5.50,5.51,2743
FSC,2017-07-20,10:51:00,5.51,5.51,5.51,5.51,500
FSC,2017-07-20,10:52:00,5.51,5.51,5.51,5.51,900
FSC,2017-07-20,10:53:00,5.51,5.51,5.51,5.51,819
FSC,2017-07-20,10:54:00,5.51,5.51,5.51,5.51,1400
FSC,2017-07-20,10:56:00,5.51,5.52,5.51,5.51,1400
FSC,2017-07-20,10:58:00,5.51,5.51,5.51,5.51,200
FSC,2017-07-20,10:59:00,5.52,5.52,5.51,5.51,2300
FSC,2017-07-20,11:00:00,5.51,5.52,5.51,5.51,1200
FSC,2017-07-20,11:01:00,5.51,5.51,5.51,5.51,200
FSC,2017-07-20,11:02:00,5.51,5.51,5.51,5.51,100
FSC,2017-07-20,11:03:00,5.51,5.51,5.51,5.51,2300
FSC,2017-07-20,11:04:00,5.51,5.51,5.50,5.50,19907
FSC,2017-07-20,11:06:00,5.50,5.50,5.50,5.50,10179
FSC,2017-07-20,11:08:00,5.50,5.51,5.50,5.50,939
FSC,2017-07-20,11:09:00,5.50,5.50,5.50,5.50,9900
FSC,2017-07-20,11:10:00,5.50,5.50,5.50,5.50,7835
FSC,2017-07-20,11:11:00,5.50,5.50,5.50,5.50,4300
FSC,2017-07-20,11:12:00,5.50,5.51,5.50,5.50,8295
FSC,2017-07-20,11:14:00,5.50,5.50,5.50,5.50,4820
FSC,2017-07-20,11:15:00,5.50,5.50,5.50,5.50,400
FSC,2017-07-20,11:16:00,5.50,5.51,5.50,5.50,7300
FSC,2017-07-20,11:17:00,5.50,5.50,5.50,5.50,24175
FSC,2017-07-20,11:19:00,5.50,5.50,5.50,5.50,11119
FSC,2017-07-20,11:20:00,5.49,5.49,5.49,5.49,63395
FSC,2017-07-20,11:21:00,5.48,5.48,5.48,5.48,2500
FSC,2017-07-20,11:23:00,5.48,5.49,5.48,5.49,4100
FSC,2017-07-20,11:26:00,5.48,5.48,5.48,5.48,300
FSC,2017-07-20,11:27:00,5.48,5.48,5.48,5.48,100
FSC,2017-07-20,11:28:00,5.48,5.48,5.48,5.48,225
FSC,2017-07-20,11:29:00,5.48,5.48,5.47,5.48,8200
FSC,2017-07-20,11:30:00,5.47,5.47,5.47,5.47,100
FSC,2017-07-20,11:31:00,5.47,5.47,5.47,5.47,200
FSC,2017-07-20,11:32:00,5.47,5.47,5.47,5.47,900
FSC,2017-07-20,11:34:00,5.47,5.47,5.47,5.47,100
FSC,2017-07-20,11:35:00,5.48,5.48,5.48,5.48,1500
FSC,2017-07-20,11:37:00,5.48,5.48,5.47,5.47,200
FSC,2017-07-20,11:38:00,5.47,5.47,5.47,5.47,300
FSC,2017-07-20,11:39:00,5.47,5.47,5.47,5.47,300
FSC,2017-07-20,11:40:00,5.47,5.47,5.47,5.47,900
FSC,2017-07-20,11:41:00,5.47,5.47,5.47,5.47,1100
FSC,2017-07-20,11:42:00,5.47,5.47,5.46,5.46,8145
FSC,2017-07-20,11:44:00,5.46,5.46,5.46,5.46,550
FSC,2017-07-20,11:45:00,5.46,5.46,5.46,5.46,1200
FSC,2017-07-20,11:46:00,5.47,5.47,5.46,5.47,19400
FSC,2017-07-20,11:47:00,5.47,5.47,5.46,5.46,8826
FSC,2017-07-20,11:48:00,5.47,5.47,5.47,5.47,800
FSC,2017-07-20,11:49:00,5.46,5.46,5.46,5.46,200
FSC,2017-07-20,11:50:00,5.46,5.46,5.46,5.46,2100
FSC,2017-07-20,11:52:00,5.46,5.46,5.46,5.46,500
FSC,2017-07-20,11:53:00,5.46,5.47,5.46,5.46,300
FSC,2017-07-20,11:54:00,5.47,5.47,5.47,5.47,100
FSC,2017-07-20,11:56:00,5.46,5.46,5.46,5.46,300
FSC,2017-07-20,11:57:00,5.47,5.47,5.46,5.46,700
FSC,2017-07-20,11:58:00,5.47,5.47,5.46,5.46,700
FSC,2017-07-20,11:59:00,5.47,5.47,5.46,5.46,700
FSC,2017-07-20,12:00:00,5.47,5.47,5.47,5.47,100
FSC,2017-07-20,12:01:00,5.46,5.46,5.46,5.46,3792
FSC,2017-07-20,12:02:00,5.46,5.47,5.46,5.47,200
FSC,2017-07-20,12:03:00,5.46,5.46,5.46,5.46,500
FSC,2017-07-20,12:05:00,5.47,5.47,5.46,5.46,3000
FSC,2017-07-20,12:06:00,5.47,5.47,5.46,5.47,1400
FSC,2017-07-20,12:08:00,5.47,5.47,5.47,5.47,100
FSC,2017-07-20,12:09:00,5.47,5.47,5.45,5.45,77877
FSC,2017-07-20,12:10:00,5.46,5.46,5.45,5.46,2200
FSC,2017-07-20,12:11:00,5.46,5.46,5.44,5.45,18553
FSC,2017-07-20,12:12:00,5.45,5.45,5.45,5.45,100
FSC,2017-07-20,12:13:00,5.45,5.45,5.45,5.45,100
FSC,2017-07-20,12:14:00,5.46,5.46,5.46,5.46,200
FSC,2017-07-20,12:15:00,5.46,5.46,5.45,5.45,20514
FSC,2017-07-20,12:16:00,5.45,5.45,5.45,5.45,100
FSC,2017-07-20,12:17:00,5.45,5.46,5.45,5.46,11402
FSC,2017-07-20,12:19:00,5.46,5.46,5.46,5.46,13887
FSC,2017-07-20,12:20:00,5.46,5.46,5.46,5.46,2000
FSC,2017-07-20,12:21:00,5.46,5.46,5.46,5.46,200
FSC,2017-07-20,12:23:00,5.47,5.47,5.46,5.47,25993
FSC,2017-07-20,12:24:00,5.47,5.47,5.47,5.47,5000
FSC,2017-07-20,12:25:00,5.47,5.47,5.47,5.47,100
FSC,2017-07-20,12:29:00,5.47,5.47,5.47,5.47,700
FSC,2017-07-20,12:30:00,5.47,5.47,5.47,5.47,200
FSC,2017-07-20,12:31:00,5.47,5.47,5.47,5.47,5000
FSC,2017-07-20,12:32:00,5.47,5.47,5.47,5.47,30573
FSC,2017-07-20,12:33:00,5.47,5.48,5.47,5.47,11000
FSC,2017-07-20,12:34:00,5.47,5.47,5.47,5.47,3312
FSC,2017-07-20,12:35:00,5.47,5.47,5.47,5.47,5513
FSC,2017-07-20,12:36:00,5.48,5.48,5.48,5.48,345
FSC,2017-07-20,12:37:00,5.47,5.47,5.47,5.47,4200
FSC,2017-07-20,12:39:00,5.47,5.48,5.47,5.47,5100
FSC,2017-07-20,12:44:00,5.47,5.47,5.47,5.47,200
FSC,2017-07-20,12:47:00,5.48,5.48,5.47,5.47,500
FSC,2017-07-20,12:49:00,5.47,5.48,5.47,5.47,1200
FSC,2017-07-20,12:50:00,5.47,5.48,5.47,5.47,1020
FSC,2017-07-20,12:51:00,5.47,5.47,5.47,5.47,100
FSC,2017-07-20,12:52:00,5.48,5.48,5.47,5.47,12200
FSC,2017-07-20,12:53:00,5.47,5.47,5.47,5.47,200
FSC,2017-07-20,12:54:00,5.47,5.47,5.47,5.47,200
FSC,2017-07-20,12:57:00,5.47,5.47,5.47,5.47,5387
FSC,2017-07-20,12:58:00,5.48,5.48,5.47,5.47,7180
FSC,2017-07-20,13:01:00,5.47,5.48,5.47,5.47,1300
FSC,2017-07-20,13:02:00,5.47,5.48,5.47,5.47,486
FSC,2017-07-20,13:03:00,5.47,5.47,5.47,5.47,200
FSC,2017-07-20,13:04:00,5.47,5.47,5.47,5.47,500
FSC,2017-07-20,13:05:00,5.47,5.47,5.47,5.47,200
FSC,2017-07-20,13:06:00,5.47,5.48,5.47,5.47,700
FSC,2017-07-20,13:07:00,5.47,5.47,5.47,5.47,1100
FSC,2017-07-20,13:08:00,5.47,5.47,5.47,5.47,100
FSC,2017-07-20,13:09:00,5.47,5.47,5.47,5.47,100
FSC,2017-07-20,13:10:00,5.47,5.47,5.47,5.47,100
FSC,2017-07-20,13:11:00,5.48,5.48,5.47,5.47,200
FSC,2017-07-20,13:12:00,5.47,5.48,5.47,5.48,200
FSC,2017-07-20,13:13:00,5.47,5.48,5.47,5.47,37395
FSC,2017-07-20,13:14:00,5.48,5.48,5.47,5.48,6324
FSC,2017-07-20,13:15:00,5.47,5.48,5.47,5.47,400
FSC,2017-07-20,13:17:00,5.48,5.48,5.47,5.47,4416
FSC,2017-07-20,13:18:00,5.48,5.48,5.48,5.48,1182
FSC,2017-07-20,13:19:00,5.48,5.48,5.47,5.48,22877
FSC,2017-07-20,13:20:00,5.48,5.48,5.48,5.48,100
FSC,2017-07-20,13:22:00,5.47,5.47,5.47,5.47,1000
FSC,2017-07-20,13:25:00,5.47,5.47,5.47,5.47,200
FSC,2017-07-20,13:26:00,5.48,5.48,5.47,5.47,1600
FSC,2017-07-20,13:27:00,5.48,5.48,5.48,5.48,200
FSC,2017-07-20,13:29:00,5.47,5.48,5.47,5.48,1100
FSC,2017-07-20,13:34:00,5.47,5.47,5.47,5.47,200
FSC,2017-07-20,13:35:00,5.48,5.48,5.48,5.48,100
FSC,2017-07-20,13:36:00,5.48,5.48,5.47,5.48,4600
FSC,2017-07-20,13:37:00,5.47,5.49,5.47,5.49,18398
FSC,2017-07-20,13:38:00,5.49,5.49,5.49,5.49,15300
FSC,2017-07-20,13:39:00,5.49,5.49,5.49,5.49,100
FSC,2017-07-20,13:40:00,5.49,5.49,5.48,5.49,2973
FSC,2017-07-20,13:41:00,5.49,5.50,5.49,5.50,63343
FSC,2017-07-20,13:42:00,5.50,5.50,5.50,5.50,16000
FSC,2017-07-20,13:43:00,5.50,5.51,5.50,5.50,46485
FSC,2017-07-20,13:44:00,5.51,5.51,5.50,5.50,700
FSC,2017-07-20,13:46:00,5.51,5.51,5.50,5.50,1000
FSC,2017-07-20,13:47:00,5.51,5.51,5.50,5.50,6400
FSC,2017-07-20,13:48:00,5.51,5.51,5.51,5.51,100
FSC,2017-07-20,13:49:00,5.50,5.51,5.50,5.51,300
FSC,2017-07-20,13:50:00,5.50,5.51,5.50,5.51,15168
FSC,2017-07-20,13:51:00,5.50,5.51,5.50,5.51,8802
FSC,2017-07-20,13:52:00,5.50,5.51,5.50,5.51,6500
FSC,2017-07-20,13:53:00,5.51,5.51,5.50,5.50,6903
FSC,2017-07-20,13:54:00,5.50,5.51,5.50,5.51,200
FSC,2017-07-20,13:55:00,5.51,5.51,5.51,5.51,100
FSC,2017-07-20,13:58:00,5.50,5.50,5.50,5.50,700
FSC,2017-07-20,13:59:00,5.51,5.51,5.51,5.51,300
FSC,2017-07-20,14:01:00,5.51,5.51,5.51,5.51,600
FSC,2017-07-20,14:02:00,5.50,5.51,5.50,5.51,1311
FSC,2017-07-20,14:03:00,5.51,5.51,5.50,5.51,51385
FSC,2017-07-20,14:04:00,5.51,5.51,5.51,5.51,100
FSC,2017-07-20,14:05:00,5.52,5.52,5.51,5.52,3980
FSC,2017-07-20,14:08:00,5.52,5.52,5.51,5.51,200
FSC,2017-07-20,14:11:00,5.51,5.51,5.51,5.51,100
FSC,2017-07-20,14:12:00,5.51,5.52,5.51,5.51,740
FSC,2017-07-20,14:13:00,5.52,5.52,5.52,5.52,300
FSC,2017-07-20,14:14:00,5.51,5.51,5.51,5.51,100
FSC,2017-07-20,14:15:00,5.51,5.51,5.51,5.51,200
FSC,2017-07-20,14:16:00,5.51,5.51,5.51,5.51,200
FSC,2017-07-20,14:17:00,5.52,5.52,5.51,5.52,600
FSC,2017-07-20,14:18:00,5.51,5.51,5.51,5.51,100
FSC,2017-07-20,14:19:00,5.51,5.51,5.51,5.51,600
FSC,2017-07-20,14:20:00,5.52,5.52,5.51,5.51,700
FSC,2017-07-20,14:21:00,5.51,5.52,5.51,5.51,400
FSC,2017-07-20,14:22:00,5.51,5.51,5.51,5.51,200
FSC,2017-07-20,14:24:00,5.51,5.51,5.51,5.51,1500
FSC,2017-07-20,14:25:00,5.52,5.52,5.51,5.51,802
FSC,2017-07-20,14:26:00,5.51,5.51,5.51,5.51,200
FSC,2017-07-20,14:29:00,5.51,5.52,5.51,5.52,300
FSC,2017-07-20,14:30:00,5.51,5.51,5.51,5.51,575
FSC,2017-07-20,14:31:00,5.51,5.52,5.51,5.52,770
FSC,2017-07-20,14:32:00,5.51,5.52,5.51,5.52,370
FSC,2017-07-20,14:33:00,5.52,5.52,5.52,5.52,270
FSC,2017-07-20,14:34:00,5.51,5.52,5.51,5.51,2260
FSC,2017-07-20,14:35:00,5.52,5.52,5.52,5.52,200
FSC,2017-07-20,14:36:00,5.52,5.52,5.51,5.51,200
FSC,2017-07-20,14:37:00,5.51,5.51,5.51,5.51,400
FSC,2017-07-20,14:38:00,5.51,5.51,5.51,5.51,100
FSC,2017-07-20,14:40:00,5.51,5.52,5.50,5.51,13168
FSC,2017-07-20,14:41:00,5.51,5.51,5.50,5.51,14609
FSC,2017-07-20,14:43:00,5.51,5.51,5.51,5.51,100
FSC,2017-07-20,14:44:00,5.51,5.52,5.51,5.52,27467
FSC,2017-07-20,14:45:00,5.51,5.51,5.51,5.51,700
FSC,2017-07-20,14:46:00,5.51,5.51,5.50,5.50,21031
FSC,2017-07-20,14:47:00,5.50,5.50,5.50,5.50,11100
FSC,2017-07-20,14:48:00,5.50,5.50,5.50,5.50,100
FSC,2017-07-20,14:50:00,5.50,5.50,5.50,5.50,200
FSC,2017-07-20,14:51:00,5.50,5.50,5.50,5.50,3167
FSC,2017-07-20,14:55:00,5.50,5.50,5.50,5.50,100
FSC,2017-07-20,14:57:00,5.50,5.50,5.50,5.50,200
FSC,2017-07-20,15:00:00,5.51,5.51,5.50,5.50,300
FSC,2017-07-20,15:03:00,5.51,5.51,5.50,5.50,200
FSC,2017-07-20,15:04:00,5.50,5.51,5.50,5.50,300
FSC,2017-07-20,15:05:00,5.50,5.50,5.50,5.50,400
FSC,2017-07-20,15:07:00,5.50,5.50,5.50,5.50,200
FSC,2017-07-20,15:08:00,5.51,5.51,5.50,5.50,200
FSC,2017-07-20,15:09:00,5.50,5.50,5.50,5.50,100
FSC,2017-07-20,15:11:00,5.50,5.51,5.50,5.51,500
FSC,2017-07-20,15:12:00,5.50,5.50,5.50,5.50,42761
FSC,2017-07-20,15:14:00,5.50,5.50,5.50,5.50,6443
FSC,2017-07-20,15:15:00,5.50,5.50,5.50,5.50,775
FSC,2017-07-20,15:17:00,5.50,5.50,5.50,5.50,500
FSC,2017-07-20,15:18:00,5.50,5.50,5.50,5.50,5300
FSC,2017-07-20,15:19:00,5.50,5.50,5.50,5.50,300
FSC,2017-07-20,15:20:00,5.50,5.50,5.50,5.50,200
FSC,2017-07-20,15:21:00,5.50,5.50,5.50,5.50,300
FSC,2017-07-20,15:22:00,5.50,5.50,5.50,5.50,300
FSC,2017-07-20,15:24:00,5.50,5.50,5.50,5.50,1358
FSC,2017-07-20,15:28:00,5.50,5.50,5.50,5.50,2000
FSC,2017-07-20,15:29:00,5.50,5.50,5.50,5.50,600
FSC,2017-07-20,15:30:00,5.50,5.50,5.50,5.50,300
FSC,2017-07-20,15:31:00,5.50,5.50,5.50,5.50,500
FSC,2017-07-20,15:32:00,5.50,5.50,5.50,5.50,200
FSC,2017-07-20,15:33:00,5.50,5.50,5.50,5.50,300
FSC,2017-07-20,15:34:00,5.50,5.50,5.49,5.49,700
FSC,2017-07-20,15:35:00,5.50,5.50,5.49,5.50,4700
FSC,2017-07-20,15:36:00,5.50,5.50,5.50,5.50,900
FSC,2017-07-20,15:37:00,5.50,5.50,5.49,5.49,3144
FSC,2017-07-20,15:38:00,5.49,5.50,5.49,5.50,900
FSC,2017-07-20,15:39:00,5.50,5.50,5.49,5.50,3061
FSC,2017-07-20,15:40:00,5.50,5.50,5.49,5.50,1000
FSC,2017-07-20,15:41:00,5.50,5.50,5.49,5.50,2230
FSC,2017-07-20,15:42:00,5.50,5.50,5.50,5.50,1100
FSC,2017-07-20,15:43:00,5.50,5.50,5.49,5.49,3735
FSC,2017-07-20,15:44:00,5.50,5.50,5.49,5.49,4300
FSC,2017-07-20,15:45:00,5.49,5.50,5.49,5.49,70472
FSC,2017-07-20,15:46:00,5.50,5.50,5.49,5.49,4932
FSC,2017-07-20,15:47:00,5.49,5.50,5.49,5.49,2750
FSC,2017-07-20,15:48:00,5.49,5.50,5.49,5.49,2308
FSC,2017-07-20,15:49:00,5.49,5.50,5.49,5.49,1900
FSC,2017-07-20,15:50:00,5.49,5.50,5.49,5.49,3092
FSC,2017-07-20,15:51:00,5.50,5.50,5.49,5.49,31988
FSC,2017-07-20,15:52:00,5.48,5.49,5.48,5.48,1400
FSC,2017-07-20,15:53:00,5.49,5.50,5.49,5.49,26639
FSC,2017-07-20,15:54:00,5.49,5.50,5.49,5.50,12177
FSC,2017-07-20,15:55:00,5.50,5.50,5.49,5.50,7471
FSC,2017-07-20,15:56:00,5.50,5.50,5.49,5.49,27912
FSC,2017-07-20,15:57:00,5.50,5.50,5.49,5.50,10766
FSC,2017-07-20,15:58:00,5.50,5.50,5.49,5.50,3462
FSC,2017-07-20,15:59:00,5.50,5.50,5.49,5.50,48709
FSC,2017-07-20,16:00:00,5.50,5.50,5.49,5.49,88231
FSC,2017-07-21,09:30:00,5.50,5.50,5.50,5.50,26134
FSC,2017-07-21,09:31:00,5.45,5.47,5.45,5.45,2300
FSC,2017-07-21,09:32:00,5.45,5.47,5.45,5.47,700
FSC,2017-07-21,09:33:00,5.45,5.49,5.45,5.48,2100
FSC,2017-07-21,09:34:00,5.46,5.47,5.46,5.47,900
FSC,2017-07-21,09:35:00,5.47,5.47,5.45,5.47,2502
FSC,2017-07-21,09:36:00,5.47,5.47,5.47,5.47,600
FSC,2017-07-21,09:37:00,5.47,5.48,5.47,5.47,800
FSC,2017-07-21,09:38:00,5.47,5.47,5.46,5.46,11300
FSC,2017-07-21,09:39:00,5.46,5.48,5.46,5.48,6400
FSC,2017-07-21,09:40:00,5.47,5.48,5.47,5.47,1000
FSC,2017-07-21,09:41:00,5.47,5.47,5.47,5.47,600
FSC,2017-07-21,09:42:00,5.47,5.48,5.47,5.48,1703
FSC,2017-07-21,09:43:00,5.48,5.48,5.47,5.47,1550
FSC,2017-07-21,09:44:00,5.48,5.48,5.47,5.47,400
FSC,2017-07-21,09:45:00,5.47,5.48,5.47,5.47,700
FSC,2017-07-21,09:46:00,5.48,5.48,5.47,5.47,2300
FSC,2017-07-21,09:47:00,5.48,5.49,5.48,5.49,1300
FSC,2017-07-21,09:48:00,5.49,5.49,5.49,5.49,900
FSC,2017-07-21,09:49:00,5.49,5.49,5.49,5.49,700
FSC,2017-07-21,09:50:00,5.49,5.50,5.49,5.50,8350
FSC,2017-07-21,09:51:00,5.50,5.50,5.50,5.50,800
FSC,2017-07-21,09:52:00,5.50,5.50,5.50,5.50,1290
FSC,2017-07-21,09:53:00,5.50,5.50,5.50,5.50,1700
FSC,2017-07-21,09:54:00,5.50,5.50,5.50,5.50,1000
FSC,2017-07-21,09:55:00,5.50,5.50,5.50,5.50,400
FSC,2017-07-21,09:56:00,5.50,5.50,5.50,5.50,100
FSC,2017-07-21,09:57:00,5.50,5.50,5.50,5.50,1100
FSC,2017-07-21,09:58:00,5.50,5.50,5.50,5.50,600
FSC,2017-07-21,09:59:00,5.50,5.50,5.50,5.50,800
FSC,2017-07-21,10:00:00,5.50,5.50,5.50,5.50,800
FSC,2017-07-21,10:01:00,5.50,5.50,5.50,5.50,1000
FSC,2017-07-21,10:03:00,5.50,5.50,5.50,5.50,700
FSC,2017-07-21,10:04:00,5.50,5.50,5.50,5.50,800
FSC,2017-07-21,10:05:00,5.50,5.51,5.50,5.50,28131
FSC,2017-07-21,10:06:00,5.50,5.51,5.49,5.49,37090
FSC,2017-07-21,10:07:00,5.49,5.49,5.49,5.49,1400
FSC,2017-07-21,10:08:00,5.49,5.49,5.49,5.49,100
FSC,2017-07-21,10:09:00,5.49,5.49,5.49,5.49,500
FSC,2017-07-21,10:10:00,5.49,5.49,5.49,5.49,2100
FSC,2017-07-21,10:11:00,5.49,5.49,5.49,5.49,300
FSC,2017-07-21,10:12:00,5.49,5.50,5.49,5.50,4000
FSC,2017-07-21,10:13:00,5.50,5.50,5.50,5.50,700
FSC,2017-07-21,10:14:00,5.50,5.50,5.50,5.50,500
FSC,2017-07-21,10:15:00,5.50,5.50,5.50,5.50,300
FSC,2017-07-21,10:16:00,5.50,5.50,5.49,5.50,600
FSC,2017-07-21,10:17:00,5.50,5.50,5.49,5.50,800
FSC,2017-07-21,10:18:00,5.50,5.50,5.49,5.49,2300
FSC,2017-07-21,10:19:00,5.49,5.49,5.48,5.49,4703
FSC,2017-07-21,10:20:00,5.48,5.49,5.48,5.49,800
FSC,2017-07-21,10:21:00,5.49,5.49,5.49,5.49,100
FSC,2017-07-21,10:22:00,5.49,5.49,5.48,5.49,1070
FSC,2017-07-21,10:23:00,5.48,5.48,5.46,5.47,70290
FSC,2017-07-21,10:24:00,5.47,5.47,5.47,5.47,100
FSC,2017-07-21,10:25:00,5.47,5.47,5.46,5.46,3600
FSC,2017-07-21,10:26:00,5.46,5.46,5.46,5.46,100
FSC,2017-07-21,10:27:00,5.46,5.46,5.46,5.46,200
FSC,2017-07-21,10:28:00,5.46,5.47,5.46,5.46,1450
FSC,2017-07-21,10:29:00,5.46,5.47,5.46,5.46,800
FSC,2017-07-21,10:30:00,5.46,5.47,5.46,5.46,500
FSC,2017-07-21,10:31:00,5.46,5.47,5.46,5.46,1600
FSC,2017-07-21,10:32:00,5.46,5.47,5.46,5.46,1200
FSC,2017-07-21,10:33:00,5.46,5.46,5.46,5.46,1000
FSC,2017-07-21,10:34:00,5.46,5.47,5.46,5.46,400
FSC,2017-07-21,10:35:00,5.46,5.46,5.46,5.46,200
FSC,2017-07-21,10:36:00,5.46,5.46,5.46,5.46,400
FSC,2017-07-21,10:37:00,5.46,5.46,5.46,5.46,500
FSC,2017-07-21,10:38:00,5.46,5.46,5.46,5.46,200
FSC,2017-07-21,10:39:00,5.46,5.46,5.46,5.46,700
FSC,2017-07-21,10:40:00,5.46,5.46,5.46,5.46,1100
FSC,2017-07-21,10:41:00,5.46,5.47,5.46,5.46,9200
FSC,2017-07-21,10:42:00,5.46,5.47,5.46,5.46,452
FSC,2017-07-21,10:43:00,5.46,5.46,5.46,5.46,5204
FSC,2017-07-21,10:44:00,5.46,5.46,5.46,5.46,101
FSC,2017-07-21,10:45:00,5.46,5.47,5.46,5.46,1000
FSC,2017-07-21,10:46:00,5.46,5.46,5.46,5.46,500
FSC,2017-07-21,10:47:00,5.46,5.47,5.46,5.46,1400
FSC,2017-07-21,10:48:00,5.47,5.47,5.46,5.46,300
FSC,2017-07-21,10:49:00,5.46,5.47,5.46,5.46,27080
FSC,2017-07-21,10:50:00,5.46,5.47,5.46,5.46,1101
FSC,2017-07-21,10:52:00,5.46,5.46,5.46,5.46,808
FSC,2017-07-21,10:53:00,5.46,5.46,5.46,5.46,300
FSC,2017-07-21,10:54:00,5.46,5.47,5.46,5.46,800
FSC,2017-07-21,10:55:00,5.46,5.46,5.46,5.46,100
FSC,2017-07-21,10:56:00,5.46,5.47,5.46,5.46,1400
FSC,2017-07-21,10:57:00,5.46,5.46,5.46,5.46,700
FSC,2017-07-21,10:58:00,5.46,5.46,5.45,5.45,54567
FSC,2017-07-21,10:59:00,5.45,5.46,5.45,5.45,8600
FSC,2017-07-21,11:00:00,5.46,5.46,5.45,5.45,300
FSC,2017-07-21,11:01:00,5.46,5.46,5.46,5.46,200
FSC,2017-07-21,11:02:00,5.46,5.46,5.46,5.46,200
FSC,2017-07-21,11:03:00,5.46,5.46,5.45,5.45,200
FSC,2017-07-21,11:04:00,5.46,5.46,5.45,5.46,1100
FSC,2017-07-21,11:05:00,5.46,5.46,5.45,5.46,600
FSC,2017-07-21,11:06:00,5.46,5.46,5.45,5.46,800
FSC,2017-07-21,11:07:00,5.46,5.46,5.45,5.45,1043
FSC,2017-07-21,11:08:00,5.46,5.46,5.42,5.42,70484
FSC,2017-07-21,11:09:00,5.42,5.43,5.42,5.43,15337
FSC,2017-07-21,11:10:00,5.43,5.43,5.43,5.43,200
FSC,2017-07-21,11:11:00,5.43,5.43,5.43,5.43,200
FSC,2017-07-21,11:12:00,5.43,5.46,5.43,5.46,3513
FSC,2017-07-21,11:13:00,5.46,5.46,5.46,5.46,1064
FSC,2017-07-21,11:14:00,5.46,5.46,5.45,5.46,3700
FSC,2017-07-21,11:15:00,5.46,5.46,5.46,5.46,500
FSC,2017-07-21,11:16:00,5.46,5.46,5.46,5.46,500
FSC,2017-07-21,11:17:00,5.46,5.46,5.46,5.46,300
FSC,2017-07-21,11:18:00,5.45,5.46,5.45,5.46,1900
FSC,2017-07-21,11:19:00,5.45,5.46,5.45,5.46,2100
FSC,2017-07-21,11:21:00,5.46,5.47,5.46,5.46,1547
FSC,2017-07-21,11:22:00,5.47,5.47,5.46,5.46,400
FSC,2017-07-21,11:23:00,5.46,5.48,5.46,5.47,17514
FSC,2017-07-21,11:24:00,5.48,5.48,5.48,5.48,100
FSC,2017-07-21,11:25:00,5.47,5.48,5.47,5.48,300
FSC,2017-07-21,11:26:00,5.48,5.48,5.48,5.48,400
FSC,2017-07-21,11:27:00,5.47,5.48,5.47,5.47,600
FSC,2017-07-21,11:28:00,5.48,5.49,5.48,5.49,4100
FSC,2017-07-21,11:29:00,5.49,5.49,5.49,5.49,800
FSC,2017-07-21,11:30:00,5.49,5.49,5.49,5.49,300
FSC,2017-07-21,11:31:00,5.49,5.49,5.49,5.49,500
FSC,2017-07-21,11:32:00,5.49,5.49,5.49,5.49,300
FSC,2017-07-21,11:33:00,5.49,5.49,5.49,5.49,400
FSC,2017-07-21,11:34:00,5.49,5.49,5.49,5.49,500
FSC,2017-07-21,11:35:00,5.49,5.49,5.49,5.49,500
FSC,2017-07-21,11:36:00,5.49,5.49,5.49,5.49,600
FSC,2017-07-21,11:37:00,5.49,5.50,5.49,5.50,2750
FSC,2017-07-21,11:38:00,5.50,5.50,5.50,5.50,100
FSC,2017-07-21,11:39:00,5.50,5.50,5.49,5.50,2798
FSC,2017-07-21,11:40:00,5.50,5.50,5.50,5.50,400
FSC,2017-07-21,11:42:00,5.50,5.50,5.50,5.50,200
FSC,2017-07-21,11:44:00,5.50,5.50,5.50,5.50,600
FSC,2017-07-21,11:45:00,5.50,5.50,5.50,5.50,300
FSC,2017-07-21,11:46:00,5.50,5.50,5.50,5.50,900
FSC,2017-07-21,11:47:00,5.50,5.50,5.49,5.50,1520
FSC,2017-07-21,11:48:00,5.50,5.50,5.50,5.50,500
FSC,2017-07-21,11:49:00,5.50,5.50,5.50,5.50,400
FSC,2017-07-21,11:50:00,5.50,5.50,5.50,5.50,400
FSC,2017-07-21,11:51:00,5.50,5.50,5.50,5.50,700
FSC,2017-07-21,11:52:00,5.50,5.50,5.50,5.50,300
FSC,2017-07-21,11:53:00,5.50,5.50,5.49,5.50,1000
FSC,2017-07-21,11:54:00,5.50,5.50,5.49,5.50,1400
FSC,2017-07-21,11:55:00,5.50,5.50,5.50,5.50,400
FSC,2017-07-21,11:56:00,5.50,5.50,5.50,5.50,200
FSC,2017-07-21,11:57:00,5.50,5.50,5.50,5.50,500
FSC,2017-07-21,11:58:00,5.50,5.50,5.50,5.50,900
FSC,2017-07-21,11:59:00,5.50,5.50,5.49,5.50,1100
FSC,2017-07-21,12:00:00,5.50,5.50,5.50,5.50,800
FSC,2017-07-21,12:01:00,5.50,5.50,5.50,5.50,500
FSC,2017-07-21,12:02:00,5.50,5.50,5.50,5.50,400
FSC,2017-07-21,12:03:00,5.50,5.50,5.50,5.50,1200
FSC,2017-07-21,12:04:00,5.50,5.50,5.50,5.50,800
FSC,2017-07-21,12:05:00,5.50,5.50,5.50,5.50,1100
FSC,2017-07-21,12:06:00,5.50,5.50,5.49,5.49,700
FSC,2017-07-21,12:07:00,5.50,5.50,5.49,5.50,900
FSC,2017-07-21,12:08:00,5.50,5.50,5.50,5.50,1387
FSC,2017-07-21,12:09:00,5.50,5.50,5.49,5.50,900
FSC,2017-07-21,12:10:00,5.50,5.50,5.50,5.50,300
FSC,2017-07-21,12:11:00,5.50,5.50,5.49,5.50,400
FSC,2017-07-21,12:12:00,5.49,5.50,5.49,5.50,375
FSC,2017-07-21,12:13:00,5.50,5.50,5.50,5.50,200
FSC,2017-07-21,12:14:00,5.49,5.50,5.49,5.50,1800
FSC,2017-07-21,12:15:00,5.50,5.50,5.50,5.50,100
FSC,2017-07-21,12:16:00,5.49,5.50,5.49,5.49,300
FSC,2017-07-21,12:17:00,5.50,5.50,5.49,5.49,200
FSC,2017-07-21,12:18:00,5.49,5.50,5.49,5.50,1287
FSC,2017-07-21,12:19:00,5.49,5.49,5.48,5.49,1100
FSC,2017-07-21,12:20:00,5.48,5.49,5.47,5.47,10360
FSC,2017-07-21,12:21:00,5.47,5.47,5.47,5.47,200
FSC,2017-07-21,12:22:00,5.47,5.47,5.47,5.47,1300
FSC,2017-07-21,12:23:00,5.47,5.49,5.47,5.49,10400
FSC,2017-07-21,12:24:00,5.49,5.49,5.49,5.49,6587
FSC,2017-07-21,12:25:00,5.50,5.50,5.50,5.50,400
FSC,2017-07-21,12:26:00,5.50,5.50,5.49,5.49,400
FSC,2017-07-21,12:27:00,5.50,5.50,5.50,5.50,100
FSC,2017-07-21,12:28:00,5.50,5.50,5.49,5.50,600
FSC,2017-07-21,12:29:00,5.50,5.50,5.50,5.50,500
FSC,2017-07-21,12:30:00,5.50,5.50,5.50,5.50,300
FSC,2017-07-21,12:31:00,5.50,5.50,5.50,5.50,850
FSC,2017-07-21,12:32:00,5.50,5.50,5.50,5.50,300
FSC,2017-07-21,12:33:00,5.50,5.50,5.48,5.48,2600
FSC,2017-07-21,12:34:00,5.48,5.48,5.48,5.48,100
FSC,2017-07-21,12:35:00,5.48,5.48,5.47,5.47,4400
FSC,2017-07-21,12:36:00,5.47,5.47,5.47,5.47,200
FSC,2017-07-21,12:37:00,5.47,5.47,5.47,5.47,400
FSC,2017-07-21,12:38:00,5.47,5.47,5.47,5.47,2500
FSC,2017-07-21,12:39:00,5.47,5.47,5.47,5.47,200
FSC,2017-07-21,12:40:00,5.47,5.47,5.47,5.47,100
FSC,2017-07-21,12:41:00,5.47,5.48,5.47,5.47,1600
FSC,2017-07-21,12:42:00,5.47,5.47,5.47,5.47,100
FSC,2017-07-21,12:43:00,5.47,5.47,5.47,5.47,600
FSC,2017-07-21,12:44:00,5.47,5.48,5.47,5.47,600
FSC,2017-07-21,12:45:00,5.47,5.48,5.47,5.47,475
FSC,2017-07-21,12:46:00,5.47,5.47,5.47,5.47,300
FSC,2017-07-21,12:47:00,5.48,5.48,5.47,5.47,300
FSC,2017-07-21,12:48:00,5.47,5.48,5.47,5.47,5400
FSC,2017-07-21,12:49:00,5.47,5.48,5.47,5.47,900
FSC,2017-07-21,12:50:00,5.48,5.48,5.47,5.47,1700
FSC,2017-07-21,12:51:00,5.47,5.47,5.47,5.47,100
FSC,2017-07-21,12:52:00,5.47,5.48,5.47,5.47,400
FSC,2017-07-21,12:53:00,5.47,5.47,5.47,5.47,100
FSC,2017-07-21,12:54:00,5.47,5.47,5.47,5.47,600
FSC,2017-07-21,12:55:00,5.48,5.48,5.47,5.47,300
FSC,2017-07-21,12:56:00,5.47,5.48,5.47,5.47,1918
FSC,2017-07-21,12:57:00,5.47,5.48,5.47,5.47,300
FSC,2017-07-21,12:58:00,5.47,5.47,5.47,5.47,400
FSC,2017-07-21,12:59:00,5.47,5.47,5.47,5.47,200
FSC,2017-07-21,13:00:00,5.47,5.47,5.47,5.47,400
FSC,2017-07-21,13:01:00,5.47,5.48,5.47,5.48,3600
FSC,2017-07-21,13:02:00,5.47,5.47,5.47,5.47,300
FSC,2017-07-21,13:03:00,5.47,5.47,5.47,5.47,100
FSC,2017-07-21,13:04:00,5.47,5.47,5.47,5.47,500
FSC,2017-07-21,13:05:00,5.47,5.47,5.47,5.47,700
FSC,2017-07-21,13:06:00,5.47,5.47,5.47,5.47,200
FSC,2017-07-21,13:07:00,5.47,5.47,5.47,5.47,400
FSC,2017-07-21,13:08:00,5.48,5.48,5.47,5.47,400
FSC,2017-07-21,13:09:00,5.47,5.47,5.47,5.47,200
FSC,2017-07-21,13:10:00,5.48,5.48,5.47,5.47,200
FSC,2017-07-21,13:11:00,5.48,5.48,5.48,5.48,100
FSC,2017-07-21,13:12:00,5.48,5.48,5.47,5.47,200
FSC,2017-07-21,13:14:00,5.47,5.47,5.47,5.47,400
FSC,2017-07-21,13:15:00,5.48,5.48,5.48,5.48,200
FSC,2017-07-21,13:16:00,5.47,5.48,5.47,5.48,300
FSC,2017-07-21,13:17:00,5.48,5.48,5.47,5.48,500
FSC,2017-07-21,13:18:00,5.48,5.48,5.47,5.47,500
FSC,2017-07-21,13:19:00,5.48,5.48,5.47,5.47,600
FSC,2017-07-21,13:20:00,5.47,5.48,5.47,5.47,400
FSC,2017-07-21,13:21:00,5.48,5.48,5.47,5.48,500
FSC,2017-07-21,13:22:00,5.47,5.48,5.47,5.48,1866
FSC,2017-07-21,13:23:00,5.48,5.48,5.47,5.48,800
FSC,2017-07-21,13:24:00,5.48,5.48,5.47,5.47,600
FSC,2017-07-21,13:25:00,5.48,5.48,5.47,5.48,300
FSC,2017-07-21,13:26:00,5.48,5.48,5.47,5.47,1000
FSC,2017-07-21,13:27:00,5.47,5.48,5.47,5.48,200
FSC,2017-07-21,13:28:00,5.48,5.48,5.47,5.48,1029
FSC,2017-07-21,13:29:00,5.47,5.48,5.47,5.48,800
FSC,2017-07-21,13:30:00,5.47,5.48,5.47,5.48,1500
FSC,2017-07-21,13:31:00,5.48,5.48,5.47,5.47,700
FSC,2017-07-21,13:32:00,5.48,5.48,5.48,5.48,100
FSC,2017-07-21,13:33:00,5.48,5.48,5.47,5.48,600
FSC,2017-07-21,13:34:00,5.47,5.48,5.47,5.48,800
FSC,2017-07-21,13:35:00,5.47,5.47,5.47,5.47,600
FSC,2017-07-21,13:36:00,5.47,5.48,5.47,5.47,500
FSC,2017-07-21,13:37:00,5.48,5.48,5.47,5.48,300
FSC,2017-07-21,13:38:00,5.48,5.48,5.47,5.47,400
FSC,2017-07-21,13:39:00,5.48,5.48,5.48,5.48,100
FSC,2017-07-21,13:40:00,5.48,5.48,5.47,5.48,600
FSC,2017-07-21,13:41:00,5.48,5.49,5.47,5.49,5401
FSC,2017-07-21,13:43:00,5.49,5.49,5.49,5.49,400
FSC,2017-07-21,13:44:00,5.49,5.49,5.49,5.49,1000
FSC,2017-07-21,13:45:00,5.49,5.49,5.49,5.49,200
FSC,2017-07-21,13:46:00,5.49,5.49,5.49,5.49,397
FSC,2017-07-21,13:47:00,5.49,5.49,5.49,5.49,200
FSC,2017-07-21,13:48:00,5.49,5.49,5.49,5.49,500
FSC,2017-07-21,13:49:00,5.49,5.49,5.48,5.48,1100
FSC,2017-07-21,13:50:00,5.49,5.49,5.49,5.49,300
FSC,2017-07-21,13:51:00,5.49,5.49,5.49,5.49,200
FSC,2017-07-21,13:52:00,5.49,5.49,5.49,5.49,200
FSC,2017-07-21,13:53:00,5.49,5.49,5.49,5.49,300
FSC,2017-07-21,13:54:00,5.49,5.49,5.49,5.49,800
FSC,2017-07-21,13:55:00,5.49,5.49,5.49,5.49,400
FSC,2017-07-21,13:56:00,5.49,5.49,5.49,5.49,300
FSC,2017-07-21,13:57:00,5.49,5.49,5.49,5.49,200
FSC,2017-07-21,13:58:00,5.49,5.49,5.49,5.49,200
FSC,2017-07-21,13:59:00,5.49,5.49,5.48,5.49,1500
FSC,2017-07-21,14:00:00,5.49,5.49,5.49,5.49,783
FSC,2017-07-21,14:01:00,5.49,5.49,5.49,5.49,400
FSC,2017-07-21,14:02:00,5.49,5.49,5.48,5.49,1104
FSC,2017-07-21,14:03:00,5.49,5.49,5.49,5.49,300
FSC,2017-07-21,14:04:00,5.49,5.49,5.49,5.49,200
FSC,2017-07-21,14:05:00,5.49,5.49,5.49,5.49,400
FSC,2017-07-21,14:06:00,5.49,5.49,5.49,5.49,500
FSC,2017-07-21,14:07:00,5.49,5.49,5.49,5.49,200
FSC,2017-07-21,14:08:00,5.49,5.49,5.49,5.49,400
FSC,2017-07-21,14:09:00,5.49,5.49,5.48,5.49,700
FSC,2017-07-21,14:10:00,5.49,5.49,5.49,5.49,700
FSC,2017-07-21,14:11:00,5.49,5.49,5.49,5.49,500
FSC,2017-07-21,14:12:00,5.49,5.49,5.49,5.49,700
FSC,2017-07-21,14:13:00,5.49,5.49,5.49,5.49,300
FSC,2017-07-21,14:14:00,5.49,5.49,5.49,5.49,100
FSC,2017-07-21,14:15:00,5.49,5.49,5.49,5.49,500
FSC,2017-07-21,14:16:00,5.49,5.49,5.49,5.49,400
FSC,2017-07-21,14:17:00,5.49,5.49,5.49,5.49,400
FSC,2017-07-21,14:18:00,5.49,5.49,5.48,5.48,678
FSC,2017-07-21,14:19:00,5.49,5.49,5.49,5.49,300
FSC,2017-07-21,14:20:00,5.49,5.49,5.48,5.49,2400
FSC,2017-07-21,14:21:00,5.49,5.49,5.49,5.49,400
FSC,2017-07-21,14:22:00,5.49,5.49,5.49,5.49,200
FSC,2017-07-21,14:23:00,5.49,5.49,5.49,5.49,400
FSC,2017-07-21,14:24:00,5.49,5.49,5.49,5.49,300
FSC,2017-07-21,14:25:00,5.49,5.49,5.49,5.49,700
FSC,2017-07-21,14:26:00,5.49,5.49,5.49,5.49,100
FSC,2017-07-21,14:27:00,5.49,5.49,5.49,5.49,200
FSC,2017-07-21,14:28:00,5.49,5.49,5.49,5.49,500
FSC,2017-07-21,14:29:00,5.49,5.49,5.48,5.49,3100
FSC,2017-07-21,14:30:00,5.49,5.49,5.49,5.49,200
FSC,2017-07-21,14:31:00,5.49,5.49,5.49,5.49,950
FSC,2017-07-21,14:32:00,5.49,5.49,5.49,5.49,100
FSC,2017-07-21,14:33:00,5.49,5.49,5.49,5.49,1000
FSC,2017-07-21,14:34:00,5.49,5.49,5.49,5.49,100
FSC,2017-07-21,14:35:00,5.49,5.49,5.49,5.49,300
FSC,2017-07-21,14:36:00,5.49,5.49,5.49,5.49,100
FSC,2017-07-21,14:37:00,5.49,5.49,5.49,5.49,400
FSC,2017-07-21,14:38:00,5.49,5.49,5.49,5.49,400
FSC,2017-07-21,14:39:00,5.49,5.49,5.49,5.49,300
FSC,2017-07-21,14:40:00,5.49,5.49,5.49,5.49,500
FSC,2017-07-21,14:41:00,5.49,5.49,5.49,5.49,400
FSC,2017-07-21,14:42:00,5.48,5.49,5.48,5.49,4400
FSC,2017-07-21,14:43:00,5.49,5.49,5.49,5.49,675
FSC,2017-07-21,14:44:00,5.49,5.49,5.49,5.49,300
FSC,2017-07-21,14:45:00,5.49,5.49,5.49,5.49,300
FSC,2017-07-21,14:46:00,5.49,5.49,5.49,5.49,300
FSC,2017-07-21,14:47:00,5.49,5.49,5.49,5.49,400
FSC,2017-07-21,14:48:00,5.49,5.49,5.48,5.49,5620
FSC,2017-07-21,14:49:00,5.49,5.49,5.49,5.49,400
FSC,2017-07-21,14:50:00,5.49,5.49,5.49,5.49,600
FSC,2017-07-21,14:51:00,5.49,5.49,5.48,5.49,1000
FSC,2017-07-21,14:52:00,5.49,5.49,5.49,5.49,100
FSC,2017-07-21,14:53:00,5.49,5.49,5.49,5.49,100
FSC,2017-07-21,14:54:00,5.49,5.49,5.48,5.49,2100
FSC,2017-07-21,14:55:00,5.49,5.49,5.47,5.48,11444
FSC,2017-07-21,14:56:00,5.48,5.48,5.47,5.47,496
FSC,2017-07-21,14:57:00,5.47,5.47,5.47,5.47,300
FSC,2017-07-21,14:58:00,5.47,5.47,5.47,5.47,100
FSC,2017-07-21,14:59:00,5.47,5.47,5.47,5.47,300
FSC,2017-07-21,15:00:00,5.47,5.48,5.47,5.47,4800
FSC,2017-07-21,15:01:00,5.47,5.47,5.47,5.47,1100
FSC,2017-07-21,15:02:00,5.47,5.47,5.47,5.47,200
FSC,2017-07-21,15:03:00,5.47,5.47,5.47,5.47,300
FSC,2017-07-21,15:04:00,5.47,5.47,5.47,5.47,500
FSC,2017-07-21,15:05:00,5.47,5.47,5.47,5.47,500
FSC,2017-07-21,15:06:00,5.47,5.48,5.47,5.47,1600
FSC,2017-07-21,15:07:00,5.47,5.48,5.47,5.48,1810
FSC,2017-07-21,15:08:00,5.47,5.47,5.47,5.47,200
FSC,2017-07-21,15:09:00,5.47,5.47,5.47,5.47,600
FSC,2017-07-21,15:10:00,5.47,5.48,5.47,5.47,1591
FSC,2017-07-21,15:11:00,5.47,5.47,5.47,5.47,981
FSC,2017-07-21,15:12:00,5.48,5.48,5.47,5.47,900
FSC,2017-07-21,15:13:00,5.47,5.47,5.46,5.46,67786
FSC,2017-07-21,15:14:00,5.46,5.47,5.46,5.47,600
FSC,2017-07-21,15:15:00,5.46,5.46,5.46,5.46,648
FSC,2017-07-21,15:16:00,5.46,5.46,5.46,5.46,300
FSC,2017-07-21,15:17:00,5.46,5.46,5.46,5.46,300
FSC,2017-07-21,15:18:00,5.46,5.47,5.46,5.47,5000
FSC,2017-07-21,15:19:00,5.47,5.48,5.47,5.47,1800
FSC,2017-07-21,15:20:00,5.47,5.48,5.47,5.48,1400
FSC,2017-07-21,15:21:00,5.48,5.48,5.48,5.48,300
FSC,2017-07-21,15:22:00,5.48,5.48,5.46,5.46,23097
FSC,2017-07-21,15:23:00,5.47,5.47,5.46,5.47,16891
FSC,2017-07-21,15:24:00,5.47,5.47,5.46,5.46,3000
FSC,2017-07-21,15:26:00,5.47,5.47,5.47,5.47,12770
FSC,2017-07-21,15:27:00,5.47,5.47,5.47,5.47,1600
FSC,2017-07-21,15:28:00,5.47,5.47,5.47,5.47,400
FSC,2017-07-21,15:29:00,5.47,5.47,5.47,5.47,800
FSC,2017-07-21,15:30:00,5.47,5.47,5.47,5.47,1800
FSC,2017-07-21,15:31:00,5.47,5.47,5.47,5.47,600
FSC,2017-07-21,15:32:00,5.47,5.47,5.47,5.47,500
FSC,2017-07-21,15:33:00,5.47,5.47,5.47,5.47,600
FSC,2017-07-21,15:34:00,5.47,5.48,5.47,5.48,1900
FSC,2017-07-21,15:35:00,5.47,5.47,5.47,5.47,500
FSC,2017-07-21,15:36:00,5.47,5.48,5.47,5.47,1356
FSC,2017-07-21,15:37:00,5.47,5.47,5.47,5.47,1200
FSC,2017-07-21,15:38:00,5.47,5.47,5.47,5.47,200
FSC,2017-07-21,15:39:00,5.47,5.48,5.47,5.48,4500
FSC,2017-07-21,15:40:00,5.48,5.48,5.47,5.47,937
FSC,2017-07-21,15:41:00,5.47,5.48,5.47,5.47,2700
FSC,2017-07-21,15:42:00,5.47,5.48,5.47,5.47,2440
FSC,2017-07-21,15:43:00,5.48,5.48,5.47,5.47,4200
FSC,2017-07-21,15:44:00,5.47,5.48,5.47,5.48,6600
FSC,2017-07-21,15:45:00,5.47,5.48,5.47,5.47,1300
FSC,2017-07-21,15:46:00,5.47,5.48,5.47,5.47,6477
FSC,2017-07-21,15:47:00,5.48,5.48,5.47,5.47,2600
FSC,2017-07-21,15:48:00,5.48,5.48,5.47,5.47,400
FSC,2017-07-21,15:49:00,5.47,5.48,5.47,5.47,700
FSC,2017-07-21,15:50:00,5.47,5.48,5.46,5.47,16711
FSC,2017-07-21,15:51:00,5.46,5.47,5.46,5.47,29163
FSC,2017-07-21,15:52:00,5.47,5.57,5.46,5.51,336700
FSC,2017-07-21,15:53:00,5.51,5.52,5.51,5.51,21799
FSC,2017-07-21,15:54:00,5.51,5.52,5.46,5.46,42537
FSC,2017-07-21,15:55:00,5.46,5.50,5.46,5.48,48431
FSC,2017-07-21,15:56:00,5.48,5.49,5.47,5.47,22749
FSC,2017-07-21,15:57:00,5.47,5.48,5.46,5.47,44565
FSC,2017-07-21,15:58:00,5.47,5.47,5.46,5.46,20957
FSC,2017-07-21,15:59:00,5.46,5.47,5.46,5.46,62445
FSC,2017-07-21,16:00:00,5.46,5.47,5.46,5.46,165244
