ONB,2017-07-18,09:30:00,16.85,16.85,16.85,16.85,9325
ONB,2017-07-18,09:32:00,16.80,16.90,16.80,16.80,10831
ONB,2017-07-18,09:33:00,16.80,16.85,16.80,16.80,1825
ONB,2017-07-18,09:34:00,16.85,16.86,16.85,16.86,912
ONB,2017-07-18,09:35:00,16.85,16.85,16.85,16.85,500
ONB,2017-07-18,09:36:00,16.85,16.85,16.85,16.85,150
ONB,2017-07-18,09:37:00,16.90,16.90,16.90,16.90,3500
ONB,2017-07-18,09:38:00,16.85,16.90,16.85,16.85,2300
ONB,2017-07-18,09:39:00,16.88,16.90,16.85,16.90,2460
ONB,2017-07-18,09:40:00,16.90,16.90,16.88,16.88,1300
ONB,2017-07-18,09:41:00,16.90,16.93,16.90,16.90,5252
ONB,2017-07-18,09:42:00,16.90,16.90,16.90,16.90,700
ONB,2017-07-18,09:43:00,16.88,16.95,16.88,16.95,4616
ONB,2017-07-18,09:44:00,16.90,16.93,16.85,16.93,2923
ONB,2017-07-18,09:45:00,16.93,16.93,16.90,16.90,2391
ONB,2017-07-18,09:46:00,16.90,16.93,16.88,16.88,1251
ONB,2017-07-18,09:47:00,16.85,16.85,16.85,16.85,4103
ONB,2017-07-18,09:50:00,16.82,16.85,16.82,16.85,5119
ONB,2017-07-18,09:51:00,16.84,16.84,16.84,16.84,800
ONB,2017-07-18,09:52:00,16.85,16.85,16.80,16.80,900
ONB,2017-07-18,09:54:00,16.80,16.80,16.80,16.80,400
ONB,2017-07-18,09:55:00,16.85,16.85,16.82,16.82,400
ONB,2017-07-18,09:56:00,16.80,16.80,16.80,16.80,7075
ONB,2017-07-18,09:57:00,16.82,16.82,16.80,16.80,300
ONB,2017-07-18,09:59:00,16.80,16.80,16.80,16.80,900
ONB,2017-07-18,10:00:00,16.80,16.80,16.80,16.80,900
ONB,2017-07-18,10:02:00,16.82,16.82,16.82,16.82,2300
ONB,2017-07-18,10:03:00,16.82,16.85,16.80,16.82,2152
ONB,2017-07-18,10:04:00,16.82,16.82,16.80,16.82,1000
ONB,2017-07-18,10:05:00,16.82,16.85,16.80,16.82,5522
ONB,2017-07-18,10:06:00,16.82,16.85,16.80,16.80,8504
ONB,2017-07-18,10:07:00,16.85,16.85,16.82,16.82,600
ONB,2017-07-18,10:09:00,16.82,16.82,16.82,16.82,100
ONB,2017-07-18,10:11:00,16.82,16.82,16.82,16.82,100
ONB,2017-07-18,10:12:00,16.85,16.90,16.85,16.90,2589
ONB,2017-07-18,10:14:00,16.85,16.85,16.85,16.85,300
ONB,2017-07-18,10:15:00,16.85,16.85,16.85,16.85,100
ONB,2017-07-18,10:17:00,16.85,16.90,16.85,16.88,4706
ONB,2017-07-18,10:18:00,16.88,16.88,16.88,16.88,2198
ONB,2017-07-18,10:19:00,16.88,16.88,16.88,16.88,100
ONB,2017-07-18,10:20:00,16.88,16.90,16.85,16.88,2800
ONB,2017-07-18,10:21:00,16.85,16.88,16.85,16.88,3740
ONB,2017-07-18,10:22:00,16.85,16.85,16.82,16.85,1000
ONB,2017-07-18,10:24:00,16.85,16.88,16.85,16.88,1700
ONB,2017-07-18,10:25:00,16.88,16.88,16.88,16.88,200
ONB,2017-07-18,10:26:00,16.85,16.85,16.85,16.85,697
ONB,2017-07-18,10:27:00,16.85,16.85,16.80,16.80,11175
ONB,2017-07-18,10:29:00,16.82,16.82,16.80,16.82,440
ONB,2017-07-18,10:30:00,16.82,16.82,16.80,16.80,1390
ONB,2017-07-18,10:31:00,16.82,16.82,16.80,16.80,400
ONB,2017-07-18,10:32:00,16.80,16.80,16.77,16.77,9222
ONB,2017-07-18,10:33:00,16.77,16.77,16.77,16.77,300
ONB,2017-07-18,10:34:00,16.77,16.77,16.77,16.77,100
ONB,2017-07-18,10:35:00,16.80,16.80,16.77,16.80,400
ONB,2017-07-18,10:36:00,16.77,16.80,16.77,16.80,200
ONB,2017-07-18,10:37:00,16.80,16.82,16.77,16.77,21425
ONB,2017-07-18,10:38:00,16.80,16.82,16.77,16.82,5604
ONB,2017-07-18,10:39:00,16.82,16.82,16.77,16.80,400
ONB,2017-07-18,10:40:00,16.77,16.77,16.77,16.77,100
ONB,2017-07-18,10:41:00,16.80,16.80,16.80,16.80,100
ONB,2017-07-18,10:42:00,16.77,16.77,16.75,16.77,1409
ONB,2017-07-18,10:43:00,16.75,16.75,16.70,16.73,31577
ONB,2017-07-18,10:44:00,16.75,16.75,16.75,16.75,2618
ONB,2017-07-18,10:45:00,16.73,16.75,16.73,16.75,200
ONB,2017-07-18,10:46:00,16.73,16.73,16.73,16.73,100
ONB,2017-07-18,10:47:00,16.70,16.75,16.70,16.75,600
ONB,2017-07-18,10:48:00,16.75,16.75,16.75,16.75,100
ONB,2017-07-18,10:49:00,16.73,16.73,16.73,16.73,1000
ONB,2017-07-18,10:50:00,16.73,16.75,16.73,16.75,586
ONB,2017-07-18,10:51:00,16.75,16.77,16.73,16.75,5626
ONB,2017-07-18,10:52:00,16.73,16.73,16.73,16.73,500
ONB,2017-07-18,10:53:00,16.73,16.73,16.73,16.73,100
ONB,2017-07-18,10:54:00,16.75,16.77,16.75,16.77,1300
ONB,2017-07-18,10:55:00,16.77,16.77,16.75,16.77,612
ONB,2017-07-18,10:56:00,16.75,16.77,16.73,16.77,6767
ONB,2017-07-18,10:57:00,16.77,16.77,16.77,16.77,400
ONB,2017-07-18,10:58:00,16.77,16.77,16.77,16.77,100
ONB,2017-07-18,11:00:00,16.75,16.75,16.75,16.75,4249
ONB,2017-07-18,11:01:00,16.77,16.77,16.77,16.77,800
ONB,2017-07-18,11:06:00,16.77,16.77,16.77,16.77,100
ONB,2017-07-18,11:07:00,16.77,16.77,16.75,16.75,501
ONB,2017-07-18,11:08:00,16.77,16.77,16.73,16.73,2713
ONB,2017-07-18,11:09:00,16.73,16.73,16.73,16.73,200
ONB,2017-07-18,11:10:00,16.73,16.73,16.73,16.73,100
ONB,2017-07-18,11:11:00,16.75,16.75,16.73,16.73,300
ONB,2017-07-18,11:12:00,16.75,16.77,16.75,16.75,3325
ONB,2017-07-18,11:13:00,16.75,16.75,16.73,16.73,700
ONB,2017-07-18,11:14:00,16.75,16.77,16.75,16.77,900
ONB,2017-07-18,11:18:00,16.80,16.80,16.75,16.77,800
ONB,2017-07-18,11:19:00,16.77,16.77,16.75,16.75,300
ONB,2017-07-18,11:20:00,16.77,16.77,16.77,16.77,500
ONB,2017-07-18,11:22:00,16.80,16.80,16.77,16.77,580
ONB,2017-07-18,11:23:00,16.80,16.80,16.77,16.77,700
ONB,2017-07-18,11:24:00,16.75,16.80,16.75,16.77,1000
ONB,2017-07-18,11:26:00,16.77,16.77,16.77,16.77,100
ONB,2017-07-18,11:27:00,16.77,16.77,16.77,16.77,100
ONB,2017-07-18,11:28:00,16.75,16.75,16.75,16.75,200
ONB,2017-07-18,11:29:00,16.75,16.75,16.75,16.75,100
ONB,2017-07-18,11:30:00,16.77,16.77,16.77,16.77,100
ONB,2017-07-18,11:31:00,16.77,16.77,16.77,16.77,700
ONB,2017-07-18,11:32:00,16.75,16.75,16.75,16.75,300
ONB,2017-07-18,11:33:00,16.77,16.77,16.77,16.77,200
ONB,2017-07-18,11:34:00,16.75,16.75,16.75,16.75,242
ONB,2017-07-18,11:35:00,16.75,16.75,16.73,16.73,5000
ONB,2017-07-18,11:36:00,16.75,16.75,16.73,16.73,200
ONB,2017-07-18,11:37:00,16.72,16.73,16.72,16.73,1684
ONB,2017-07-18,11:39:00,16.75,16.75,16.75,16.75,200
ONB,2017-07-18,11:41:00,16.70,16.73,16.70,16.73,875
ONB,2017-07-18,11:42:00,16.73,16.73,16.73,16.73,500
ONB,2017-07-18,11:45:00,16.73,16.73,16.73,16.73,100
ONB,2017-07-18,11:46:00,16.73,16.75,16.73,16.73,1959
ONB,2017-07-18,11:48:00,16.75,16.75,16.73,16.73,300
ONB,2017-07-18,11:51:00,16.73,16.73,16.73,16.73,100
ONB,2017-07-18,11:52:00,16.73,16.73,16.73,16.73,100
ONB,2017-07-18,11:53:00,16.75,16.77,16.75,16.77,4266
ONB,2017-07-18,11:54:00,16.75,16.75,16.65,16.73,31696
ONB,2017-07-18,11:55:00,16.70,16.70,16.70,16.70,100
ONB,2017-07-18,11:59:00,16.70,16.73,16.70,16.70,700
ONB,2017-07-18,12:00:00,16.73,16.73,16.70,16.73,1000
ONB,2017-07-18,12:02:00,16.73,16.73,16.73,16.73,2000
ONB,2017-07-18,12:03:00,16.73,16.73,16.73,16.73,200
ONB,2017-07-18,12:04:00,16.73,16.73,16.70,16.73,300
ONB,2017-07-18,12:05:00,16.73,16.73,16.73,16.73,300
ONB,2017-07-18,12:06:00,16.73,16.73,16.73,16.73,700
ONB,2017-07-18,12:07:00,16.75,16.77,16.73,16.75,11513
ONB,2017-07-18,12:08:00,16.75,16.75,16.75,16.75,200
ONB,2017-07-18,12:09:00,16.73,16.77,16.73,16.77,1800
ONB,2017-07-18,12:10:00,16.77,16.77,16.77,16.77,200
ONB,2017-07-18,12:11:00,16.77,16.77,16.77,16.77,100
ONB,2017-07-18,12:12:00,16.77,16.77,16.77,16.77,100
ONB,2017-07-18,12:13:00,16.77,16.77,16.75,16.75,200
ONB,2017-07-18,12:14:00,16.77,16.77,16.77,16.77,100
ONB,2017-07-18,12:16:00,16.77,16.77,16.77,16.77,312
ONB,2017-07-18,12:17:00,16.77,16.77,16.77,16.77,400
ONB,2017-07-18,12:18:00,16.75,16.77,16.75,16.77,200
ONB,2017-07-18,12:19:00,16.75,16.75,16.75,16.75,400
ONB,2017-07-18,12:20:00,16.77,16.77,16.77,16.77,200
ONB,2017-07-18,12:22:00,16.75,16.75,16.75,16.75,300
ONB,2017-07-18,12:23:00,16.77,16.77,16.77,16.77,400
ONB,2017-07-18,12:24:00,16.77,16.80,16.77,16.80,300
ONB,2017-07-18,12:25:00,16.77,16.77,16.77,16.77,600
ONB,2017-07-18,12:26:00,16.80,16.82,16.77,16.82,4717
ONB,2017-07-18,12:27:00,16.80,16.80,16.80,16.80,2000
ONB,2017-07-18,12:28:00,16.82,16.85,16.80,16.80,700
ONB,2017-07-18,12:29:00,16.80,16.80,16.77,16.77,5863
ONB,2017-07-18,12:30:00,16.77,16.80,16.77,16.80,200
ONB,2017-07-18,12:31:00,16.75,16.75,16.75,16.75,798
ONB,2017-07-18,12:32:00,16.77,16.77,16.77,16.77,200
ONB,2017-07-18,12:33:00,16.77,16.77,16.77,16.77,200
ONB,2017-07-18,12:35:00,16.76,16.77,16.76,16.77,900
ONB,2017-07-18,12:36:00,16.77,16.77,16.77,16.77,100
ONB,2017-07-18,12:39:00,16.77,16.77,16.77,16.77,200
ONB,2017-07-18,12:40:00,16.75,16.77,16.75,16.77,400
ONB,2017-07-18,12:42:00,16.80,16.80,16.75,16.75,300
ONB,2017-07-18,12:43:00,16.77,16.77,16.77,16.77,300
ONB,2017-07-18,12:44:00,16.80,16.80,16.80,16.80,300
ONB,2017-07-18,12:45:00,16.77,16.80,16.75,16.77,600
ONB,2017-07-18,12:47:00,16.77,16.77,16.77,16.77,1015
ONB,2017-07-18,12:49:00,16.80,16.82,16.80,16.82,7143
ONB,2017-07-18,12:50:00,16.80,16.82,16.77,16.77,6335
ONB,2017-07-18,12:54:00,16.75,16.80,16.75,16.77,601
ONB,2017-07-18,12:55:00,16.77,16.77,16.77,16.77,100
ONB,2017-07-18,12:58:00,16.77,16.77,16.77,16.77,1800
ONB,2017-07-18,12:59:00,16.77,16.77,16.75,16.75,322
ONB,2017-07-18,13:00:00,16.75,16.75,16.75,16.75,100
ONB,2017-07-18,13:02:00,16.77,16.77,16.75,16.77,800
ONB,2017-07-18,13:03:00,16.77,16.77,16.77,16.77,100
ONB,2017-07-18,13:04:00,16.80,16.80,16.77,16.77,300
ONB,2017-07-18,13:05:00,16.80,16.80,16.77,16.77,200
ONB,2017-07-18,13:10:00,16.80,16.80,16.80,16.80,300
ONB,2017-07-18,13:11:00,16.77,16.77,16.77,16.77,100
ONB,2017-07-18,13:12:00,16.80,16.80,16.75,16.77,21864
ONB,2017-07-18,13:13:00,16.77,16.77,16.77,16.77,100
ONB,2017-07-18,13:15:00,16.75,16.75,16.75,16.75,100
ONB,2017-07-18,13:16:00,16.75,16.75,16.75,16.75,900
ONB,2017-07-18,13:17:00,16.77,16.77,16.75,16.77,6079
ONB,2017-07-18,13:18:00,16.75,16.77,16.75,16.75,400
ONB,2017-07-18,13:19:00,16.80,16.80,16.77,16.77,24327
ONB,2017-07-18,13:20:00,16.80,16.80,16.77,16.77,300
ONB,2017-07-18,13:21:00,16.75,16.80,16.75,16.80,1600
ONB,2017-07-18,13:22:00,16.80,16.80,16.77,16.77,600
ONB,2017-07-18,13:23:00,16.80,16.80,16.77,16.77,1774
ONB,2017-07-18,13:24:00,16.80,16.82,16.77,16.82,6247
ONB,2017-07-18,13:25:00,16.80,16.80,16.77,16.77,8700
ONB,2017-07-18,13:26:00,16.77,16.80,16.77,16.80,200
ONB,2017-07-18,13:27:00,16.77,16.80,16.77,16.77,31991
ONB,2017-07-18,13:28:00,16.75,16.77,16.75,16.75,1500
ONB,2017-07-18,13:29:00,16.77,16.80,16.75,16.77,1200
ONB,2017-07-18,13:30:00,16.77,16.77,16.75,16.77,1500
ONB,2017-07-18,13:31:00,16.77,16.80,16.77,16.80,4428
ONB,2017-07-18,13:32:00,16.77,16.80,16.77,16.80,3373
ONB,2017-07-18,13:33:00,16.80,16.80,16.77,16.80,1385
ONB,2017-07-18,13:34:00,16.80,16.80,16.77,16.77,4918
ONB,2017-07-18,13:35:00,16.77,16.80,16.75,16.77,3917
ONB,2017-07-18,13:36:00,16.80,16.80,16.75,16.80,1238
ONB,2017-07-18,13:37:00,16.80,16.82,16.77,16.82,15906
ONB,2017-07-18,13:38:00,16.82,16.85,16.80,16.80,4200
ONB,2017-07-18,13:39:00,16.82,16.85,16.80,16.80,3000
ONB,2017-07-18,13:40:00,16.82,16.82,16.82,16.82,200
ONB,2017-07-18,13:41:00,16.82,16.82,16.80,16.82,300
ONB,2017-07-18,13:42:00,16.82,16.85,16.80,16.85,400
ONB,2017-07-18,13:43:00,16.82,16.82,16.80,16.80,400
ONB,2017-07-18,13:44:00,16.80,16.82,16.80,16.82,400
ONB,2017-07-18,13:45:00,16.82,16.82,16.82,16.82,100
ONB,2017-07-18,13:46:00,16.82,16.85,16.82,16.85,400
ONB,2017-07-18,13:47:00,16.82,16.85,16.82,16.85,200
ONB,2017-07-18,13:48:00,16.82,16.85,16.82,16.85,300
ONB,2017-07-18,13:49:00,16.82,16.85,16.82,16.85,500
ONB,2017-07-18,13:50:00,16.80,16.80,16.80,16.80,200
ONB,2017-07-18,13:51:00,16.80,16.80,16.80,16.80,200
ONB,2017-07-18,13:53:00,16.82,16.85,16.80,16.85,800
ONB,2017-07-18,13:54:00,16.85,16.85,16.82,16.85,400
ONB,2017-07-18,13:56:00,16.80,16.82,16.80,16.80,3952
ONB,2017-07-18,13:57:00,16.82,16.82,16.80,16.80,400
ONB,2017-07-18,13:58:00,16.82,16.82,16.80,16.80,200
ONB,2017-07-18,13:59:00,16.80,16.80,16.80,16.80,100
ONB,2017-07-18,14:00:00,16.80,16.82,16.80,16.82,200
ONB,2017-07-18,14:01:00,16.80,16.82,16.80,16.80,1000
ONB,2017-07-18,14:02:00,16.80,16.80,16.77,16.77,12673
ONB,2017-07-18,14:03:00,16.77,16.77,16.77,16.77,400
ONB,2017-07-18,14:04:00,16.77,16.77,16.75,16.75,500
ONB,2017-07-18,14:05:00,16.77,16.77,16.77,16.77,3000
ONB,2017-07-18,14:06:00,16.80,16.80,16.77,16.77,3200
ONB,2017-07-18,14:07:00,16.77,16.77,16.77,16.77,700
ONB,2017-07-18,14:08:00,16.80,16.80,16.77,16.77,300
ONB,2017-07-18,14:09:00,16.77,16.80,16.75,16.77,6075
ONB,2017-07-18,14:10:00,16.77,16.77,16.77,16.77,400
ONB,2017-07-18,14:11:00,16.77,16.77,16.77,16.77,900
ONB,2017-07-18,14:12:00,16.77,16.80,16.77,16.77,1001
ONB,2017-07-18,14:13:00,16.80,16.80,16.77,16.77,2426
ONB,2017-07-18,14:14:00,16.77,16.80,16.77,16.77,514
ONB,2017-07-18,14:15:00,16.80,16.80,16.75,16.77,1386
ONB,2017-07-18,14:16:00,16.80,16.80,16.77,16.77,529
ONB,2017-07-18,14:17:00,16.77,16.80,16.75,16.77,49201
ONB,2017-07-18,14:18:00,16.75,16.77,16.75,16.77,1600
ONB,2017-07-18,14:19:00,16.75,16.75,16.75,16.75,500
ONB,2017-07-18,14:20:00,16.75,16.77,16.75,16.75,9155
ONB,2017-07-18,14:21:00,16.75,16.77,16.73,16.75,6300
ONB,2017-07-18,14:22:00,16.75,16.75,16.75,16.75,700
ONB,2017-07-18,14:23:00,16.75,16.77,16.73,16.75,9146
ONB,2017-07-18,14:24:00,16.75,16.77,16.75,16.77,400
ONB,2017-07-18,14:25:00,16.75,16.75,16.75,16.75,100
ONB,2017-07-18,14:26:00,16.75,16.80,16.75,16.75,900
ONB,2017-07-18,14:27:00,16.77,16.77,16.77,16.77,200
ONB,2017-07-18,14:29:00,16.77,16.77,16.77,16.77,300
ONB,2017-07-18,14:30:00,16.75,16.77,16.75,16.77,200
ONB,2017-07-18,14:31:00,16.77,16.77,16.77,16.77,200
ONB,2017-07-18,14:32:00,16.77,16.77,16.77,16.77,200
ONB,2017-07-18,14:33:00,16.77,16.77,16.77,16.77,400
ONB,2017-07-18,14:34:00,16.77,16.77,16.77,16.77,200
ONB,2017-07-18,14:35:00,16.77,16.78,16.77,16.78,335
ONB,2017-07-18,14:36:00,16.77,16.79,16.77,16.77,1234
ONB,2017-07-18,14:38:00,16.77,16.77,16.73,16.75,22733
ONB,2017-07-18,14:39:00,16.75,16.77,16.73,16.75,6422
ONB,2017-07-18,14:40:00,16.75,16.80,16.75,16.77,33452
ONB,2017-07-18,14:41:00,16.77,16.77,16.77,16.77,500
ONB,2017-07-18,14:42:00,16.77,16.77,16.75,16.75,1200
ONB,2017-07-18,14:43:00,16.75,16.77,16.75,16.77,600
ONB,2017-07-18,14:44:00,16.75,16.80,16.75,16.80,800
ONB,2017-07-18,14:45:00,16.77,16.77,16.77,16.77,200
ONB,2017-07-18,14:47:00,16.80,16.80,16.77,16.80,2132
ONB,2017-07-18,14:48:00,16.80,16.80,16.80,16.80,500
ONB,2017-07-18,14:49:00,16.80,16.80,16.77,16.80,600
ONB,2017-07-18,14:50:00,16.80,16.80,16.77,16.77,1400
ONB,2017-07-18,14:51:00,16.80,16.80,16.77,16.80,2200
ONB,2017-07-18,14:52:00,16.77,16.77,16.75,16.77,33413
ONB,2017-07-18,14:53:00,16.75,16.80,16.75,16.77,2100
ONB,2017-07-18,14:54:00,16.77,16.77,16.75,16.75,1600
ONB,2017-07-18,14:55:00,16.75,16.77,16.75,16.77,300
ONB,2017-07-18,14:56:00,16.75,16.75,16.75,16.75,100
ONB,2017-07-18,14:57:00,16.77,16.77,16.77,16.77,100
ONB,2017-07-18,14:58:00,16.77,16.77,16.77,16.77,200
ONB,2017-07-18,14:59:00,16.77,16.77,16.77,16.77,1000
ONB,2017-07-18,15:01:00,16.77,16.77,16.77,16.77,300
ONB,2017-07-18,15:02:00,16.77,16.77,16.77,16.77,500
ONB,2017-07-18,15:03:00,16.77,16.77,16.77,16.77,400
ONB,2017-07-18,15:04:00,16.80,16.80,16.77,16.77,441
ONB,2017-07-18,15:05:00,16.80,16.80,16.77,16.77,1900
ONB,2017-07-18,15:06:00,16.77,16.80,16.75,16.80,800
ONB,2017-07-18,15:07:00,16.80,16.80,16.75,16.80,300
ONB,2017-07-18,15:08:00,16.80,16.80,16.77,16.80,600
ONB,2017-07-18,15:09:00,16.80,16.80,16.77,16.80,500
ONB,2017-07-18,15:10:00,16.77,16.80,16.77,16.80,686
ONB,2017-07-18,15:11:00,16.80,16.80,16.77,16.80,670
ONB,2017-07-18,15:12:00,16.77,16.80,16.77,16.80,500
ONB,2017-07-18,15:13:00,16.80,16.80,16.77,16.80,512
ONB,2017-07-18,15:14:00,16.80,16.80,16.77,16.77,300
ONB,2017-07-18,15:15:00,16.77,16.80,16.77,16.80,600
ONB,2017-07-18,15:16:00,16.77,16.80,16.77,16.77,700
ONB,2017-07-18,15:17:00,16.80,16.80,16.75,16.77,8827
ONB,2017-07-18,15:18:00,16.77,16.77,16.75,16.77,4134
ONB,2017-07-18,15:19:00,16.77,16.77,16.75,16.77,400
ONB,2017-07-18,15:20:00,16.77,16.77,16.75,16.77,1500
ONB,2017-07-18,15:21:00,16.80,16.80,16.75,16.75,1300
ONB,2017-07-18,15:22:00,16.77,16.80,16.77,16.77,24842
ONB,2017-07-18,15:23:00,16.77,16.82,16.77,16.82,3200
ONB,2017-07-18,15:24:00,16.82,16.85,16.80,16.82,3882
ONB,2017-07-18,15:25:00,16.82,16.85,16.82,16.82,1918
ONB,2017-07-18,15:26:00,16.85,16.85,16.85,16.85,400
ONB,2017-07-18,15:28:00,16.85,16.85,16.85,16.85,400
ONB,2017-07-18,15:29:00,16.85,16.85,16.82,16.85,1115
ONB,2017-07-18,15:30:00,16.85,16.85,16.85,16.85,200
ONB,2017-07-18,15:31:00,16.82,16.82,16.82,16.82,700
ONB,2017-07-18,15:32:00,16.82,16.82,16.77,16.80,17882
ONB,2017-07-18,15:33:00,16.77,16.82,16.77,16.80,8011
ONB,2017-07-18,15:34:00,16.80,16.82,16.77,16.80,5004
ONB,2017-07-18,15:35:00,16.82,16.82,16.82,16.82,100
ONB,2017-07-18,15:36:00,16.82,16.82,16.82,16.82,1705
ONB,2017-07-18,15:37:00,16.82,16.82,16.82,16.82,500
ONB,2017-07-18,15:38:00,16.80,16.80,16.80,16.80,3925
ONB,2017-07-18,15:39:00,16.82,16.82,16.82,16.82,200
ONB,2017-07-18,15:40:00,16.82,16.82,16.82,16.82,300
ONB,2017-07-18,15:41:00,16.80,16.82,16.80,16.82,300
ONB,2017-07-18,15:42:00,16.80,16.82,16.80,16.82,500
ONB,2017-07-18,15:44:00,16.82,16.82,16.80,16.82,1049
ONB,2017-07-18,15:45:00,16.82,16.82,16.82,16.82,100
ONB,2017-07-18,15:46:00,16.85,16.85,16.80,16.80,1400
ONB,2017-07-18,15:47:00,16.82,16.82,16.80,16.82,1300
ONB,2017-07-18,15:48:00,16.82,16.85,16.80,16.82,2441
ONB,2017-07-18,15:49:00,16.84,16.84,16.80,16.80,1304
ONB,2017-07-18,15:50:00,16.82,16.85,16.80,16.82,500
ONB,2017-07-18,15:51:00,16.85,16.85,16.80,16.85,1900
ONB,2017-07-18,15:52:00,16.82,16.85,16.80,16.80,1300
ONB,2017-07-18,15:53:00,16.82,16.85,16.80,16.82,4900
ONB,2017-07-18,15:54:00,16.82,16.85,16.80,16.85,2000
ONB,2017-07-18,15:55:00,16.80,16.85,16.80,16.85,1900
ONB,2017-07-18,15:56:00,16.80,16.85,16.80,16.82,1800
ONB,2017-07-18,15:57:00,16.85,16.85,16.80,16.82,3000
ONB,2017-07-18,15:58:00,16.85,16.85,16.82,16.85,5250
ONB,2017-07-18,15:59:00,16.85,16.85,16.80,16.82,21367
ONB,2017-07-18,16:00:00,16.82,16.85,16.80,16.85,57450
ONB,2017-07-19,09:30:00,16.85,16.85,16.85,16.85,2417
ONB,2017-07-19,09:33:00,16.95,16.95,16.90,16.95,1231
ONB,2017-07-19,09:34:00,16.93,16.93,16.90,16.90,964
ONB,2017-07-19,09:35:00,16.95,16.95,16.90,16.90,855
ONB,2017-07-19,09:36:00,16.90,17.00,16.90,16.95,7195
ONB,2017-07-19,09:37:00,16.95,16.95,16.90,16.90,1717
ONB,2017-07-19,09:38:00,16.93,16.95,16.90,16.95,5150
ONB,2017-07-19,09:39:00,16.90,16.90,16.90,16.90,1163
ONB,2017-07-19,09:40:00,16.90,16.90,16.90,16.90,2585
ONB,2017-07-19,09:41:00,16.90,16.90,16.90,16.90,1638
ONB,2017-07-19,09:42:00,16.90,16.90,16.90,16.90,500
ONB,2017-07-19,09:43:00,16.90,16.90,16.88,16.90,2904
ONB,2017-07-19,09:44:00,16.90,16.90,16.90,16.90,1480
ONB,2017-07-19,09:45:00,16.85,16.85,16.85,16.85,800
ONB,2017-07-19,09:48:00,16.88,16.88,16.88,16.88,100
ONB,2017-07-19,09:50:00,16.90,16.90,16.85,16.85,2781
ONB,2017-07-19,09:51:00,16.88,16.88,16.88,16.88,800
ONB,2017-07-19,09:53:00,16.90,16.93,16.90,16.93,3163
ONB,2017-07-19,09:56:00,16.90,16.90,16.85,16.85,2829
ONB,2017-07-19,09:58:00,16.88,16.88,16.85,16.88,700
ONB,2017-07-19,09:59:00,16.88,16.90,16.85,16.90,1000
ONB,2017-07-19,10:00:00,16.88,16.88,16.85,16.88,1000
ONB,2017-07-19,10:01:00,16.88,16.88,16.88,16.88,400
ONB,2017-07-19,10:02:00,16.90,16.93,16.88,16.90,14944
ONB,2017-07-19,10:03:00,16.93,16.93,16.90,16.93,700
ONB,2017-07-19,10:04:00,16.93,16.93,16.92,16.92,558
ONB,2017-07-19,10:05:00,16.93,16.93,16.93,16.93,400
ONB,2017-07-19,10:07:00,16.95,16.95,16.93,16.95,1050
ONB,2017-07-19,10:08:00,16.95,16.95,16.95,16.95,300
ONB,2017-07-19,10:09:00,16.93,16.93,16.93,16.93,100
ONB,2017-07-19,10:10:00,16.95,16.95,16.95,16.95,100
ONB,2017-07-19,10:12:00,16.93,16.95,16.90,16.95,1038
ONB,2017-07-19,10:13:00,16.93,16.93,16.93,16.93,300
ONB,2017-07-19,10:14:00,16.90,16.93,16.90,16.90,600
ONB,2017-07-19,10:15:00,16.93,16.93,16.85,16.88,12600
ONB,2017-07-19,10:16:00,16.90,16.93,16.90,16.93,1255
ONB,2017-07-19,10:17:00,16.90,16.93,16.90,16.93,200
ONB,2017-07-19,10:18:00,16.93,16.93,16.93,16.93,100
ONB,2017-07-19,10:19:00,16.93,16.93,16.93,16.93,600
ONB,2017-07-19,10:25:00,16.93,16.93,16.90,16.90,3156
ONB,2017-07-19,10:27:00,16.93,16.93,16.93,16.93,400
ONB,2017-07-19,10:28:00,16.93,16.93,16.93,16.93,500
ONB,2017-07-19,10:29:00,16.93,16.93,16.93,16.93,100
ONB,2017-07-19,10:31:00,16.95,17.00,16.95,16.98,14500
ONB,2017-07-19,10:32:00,16.95,16.98,16.95,16.98,745
ONB,2017-07-19,10:33:00,16.98,16.98,16.90,16.95,13260
ONB,2017-07-19,10:34:00,16.95,16.98,16.95,16.98,600
ONB,2017-07-19,10:36:00,16.95,16.95,16.95,16.95,200
ONB,2017-07-19,10:37:00,16.95,16.95,16.95,16.95,301
ONB,2017-07-19,10:38:00,16.95,16.98,16.93,16.93,3520
ONB,2017-07-19,10:40:00,16.92,16.92,16.92,16.92,823
ONB,2017-07-19,10:42:00,16.93,16.93,16.93,16.93,150
ONB,2017-07-19,10:43:00,16.92,16.92,16.92,16.92,172
ONB,2017-07-19,10:47:00,16.90,16.90,16.90,16.90,585
ONB,2017-07-19,10:48:00,16.90,16.93,16.90,16.90,993
ONB,2017-07-19,10:49:00,16.90,16.90,16.88,16.90,9584
ONB,2017-07-19,10:50:00,16.90,16.90,16.90,16.90,200
ONB,2017-07-19,10:52:00,16.90,16.90,16.88,16.88,200
ONB,2017-07-19,10:55:00,16.89,16.89,16.89,16.89,100
ONB,2017-07-19,10:56:00,16.88,16.88,16.88,16.88,1000
ONB,2017-07-19,10:57:00,16.88,16.88,16.88,16.88,400
ONB,2017-07-19,10:58:00,16.88,16.88,16.82,16.82,11206
ONB,2017-07-19,10:59:00,16.82,16.82,16.82,16.82,300
ONB,2017-07-19,11:00:00,16.82,16.82,16.82,16.82,1100
ONB,2017-07-19,11:01:00,16.82,16.82,16.82,16.82,200
ONB,2017-07-19,11:02:00,16.82,16.82,16.82,16.82,200
ONB,2017-07-19,11:03:00,16.82,16.82,16.82,16.82,100
ONB,2017-07-19,11:04:00,16.82,16.85,16.82,16.82,1313
ONB,2017-07-19,11:05:00,16.82,16.85,16.80,16.85,1157
ONB,2017-07-19,11:06:00,16.85,16.88,16.85,16.85,5153
ONB,2017-07-19,11:08:00,16.88,16.88,16.85,16.88,2500
ONB,2017-07-19,11:09:00,16.87,16.88,16.85,16.85,872
ONB,2017-07-19,11:10:00,16.88,16.90,16.88,16.90,400
ONB,2017-07-19,11:11:00,16.85,16.85,16.85,16.85,1350
ONB,2017-07-19,11:14:00,16.85,16.85,16.82,16.82,2522
ONB,2017-07-19,11:20:00,16.82,16.82,16.82,16.82,100
ONB,2017-07-19,11:21:00,16.80,16.80,16.80,16.80,100
ONB,2017-07-19,11:22:00,16.82,16.82,16.82,16.82,100
ONB,2017-07-19,11:25:00,16.82,16.82,16.82,16.82,300
ONB,2017-07-19,11:27:00,16.82,16.82,16.82,16.82,100
ONB,2017-07-19,11:28:00,16.82,16.82,16.80,16.80,300
ONB,2017-07-19,11:31:00,16.82,16.82,16.82,16.82,300
ONB,2017-07-19,11:32:00,16.85,16.85,16.82,16.82,300
ONB,2017-07-19,11:33:00,16.82,16.82,16.82,16.82,100
ONB,2017-07-19,11:34:00,16.82,16.82,16.82,16.82,300
ONB,2017-07-19,11:35:00,16.85,16.85,16.85,16.85,100
ONB,2017-07-19,11:36:00,16.85,16.85,16.82,16.82,800
ONB,2017-07-19,11:37:00,16.82,16.82,16.82,16.82,100
ONB,2017-07-19,11:38:00,16.80,16.85,16.80,16.82,300
ONB,2017-07-19,11:39:00,16.82,16.82,16.82,16.82,100
ONB,2017-07-19,11:41:00,16.82,16.85,16.82,16.85,200
ONB,2017-07-19,11:42:00,16.82,16.82,16.82,16.82,200
ONB,2017-07-19,11:43:00,16.82,16.82,16.82,16.82,200
ONB,2017-07-19,11:44:00,16.82,16.82,16.82,16.82,100
ONB,2017-07-19,11:45:00,16.85,16.85,16.85,16.85,100
ONB,2017-07-19,11:48:00,16.85,16.85,16.85,16.85,100
ONB,2017-07-19,11:49:00,16.82,16.82,16.82,16.82,500
ONB,2017-07-19,11:50:00,16.82,16.82,16.82,16.82,400
ONB,2017-07-19,11:51:00,16.82,16.85,16.82,16.82,600
ONB,2017-07-19,11:52:00,16.80,16.82,16.80,16.82,200
ONB,2017-07-19,11:54:00,16.82,16.82,16.82,16.82,100
ONB,2017-07-19,11:55:00,16.85,16.85,16.85,16.85,100
ONB,2017-07-19,11:56:00,16.82,16.82,16.82,16.82,100
ONB,2017-07-19,11:57:00,16.82,16.82,16.82,16.82,400
ONB,2017-07-19,11:59:00,16.85,16.85,16.85,16.85,100
ONB,2017-07-19,12:00:00,16.82,16.82,16.82,16.82,300
ONB,2017-07-19,12:01:00,16.82,16.82,16.82,16.82,100
ONB,2017-07-19,12:03:00,16.82,16.82,16.82,16.82,200
ONB,2017-07-19,12:04:00,16.82,16.82,16.82,16.82,300
ONB,2017-07-19,12:05:00,16.82,16.82,16.82,16.82,100
ONB,2017-07-19,12:06:00,16.82,16.82,16.77,16.77,6650
ONB,2017-07-19,12:07:00,16.77,16.77,16.77,16.77,100
ONB,2017-07-19,12:09:00,16.80,16.80,16.80,16.80,200
ONB,2017-07-19,12:10:00,16.80,16.82,16.80,16.82,10199
ONB,2017-07-19,12:11:00,16.80,16.80,16.80,16.80,100
ONB,2017-07-19,12:12:00,16.82,16.82,16.82,16.82,200
ONB,2017-07-19,12:13:00,16.80,16.80,16.77,16.80,10428
ONB,2017-07-19,12:14:00,16.80,16.80,16.80,16.80,100
ONB,2017-07-19,12:15:00,16.82,16.82,16.82,16.82,300
ONB,2017-07-19,12:16:00,16.82,16.82,16.82,16.82,100
ONB,2017-07-19,12:17:00,16.82,16.82,16.82,16.82,500
ONB,2017-07-19,12:18:00,16.85,16.85,16.85,16.85,100
ONB,2017-07-19,12:20:00,16.85,16.85,16.85,16.85,100
ONB,2017-07-19,12:22:00,16.85,16.85,16.85,16.85,100
ONB,2017-07-19,12:23:00,16.82,16.82,16.82,16.82,300
ONB,2017-07-19,12:25:00,16.82,16.82,16.82,16.82,100
ONB,2017-07-19,12:26:00,16.82,16.82,16.82,16.82,100
ONB,2017-07-19,12:29:00,16.82,16.82,16.80,16.80,300
ONB,2017-07-19,12:30:00,16.80,16.82,16.80,16.82,800
ONB,2017-07-19,12:31:00,16.82,16.82,16.82,16.82,100
ONB,2017-07-19,12:32:00,16.82,16.82,16.82,16.82,100
ONB,2017-07-19,12:33:00,16.85,16.85,16.82,16.82,300
ONB,2017-07-19,12:34:00,16.82,16.82,16.82,16.82,200
ONB,2017-07-19,12:35:00,16.85,16.85,16.85,16.85,200
ONB,2017-07-19,12:36:00,16.82,16.82,16.82,16.82,800
ONB,2017-07-19,12:37:00,16.82,16.82,16.80,16.80,200
ONB,2017-07-19,12:38:00,16.82,16.82,16.82,16.82,300
ONB,2017-07-19,12:39:00,16.82,16.82,16.82,16.82,100
ONB,2017-07-19,12:40:00,16.82,16.82,16.82,16.82,100
ONB,2017-07-19,12:41:00,16.82,16.82,16.82,16.82,800
ONB,2017-07-19,12:42:00,16.82,16.82,16.82,16.82,100
ONB,2017-07-19,12:43:00,16.82,16.82,16.82,16.82,200
ONB,2017-07-19,12:44:00,16.82,16.82,16.77,16.77,5239
ONB,2017-07-19,12:46:00,16.77,16.77,16.77,16.77,1100
ONB,2017-07-19,12:47:00,16.77,16.77,16.77,16.77,200
ONB,2017-07-19,12:48:00,16.77,16.77,16.77,16.77,100
ONB,2017-07-19,12:49:00,16.80,16.80,16.80,16.80,100
ONB,2017-07-19,12:50:00,16.77,16.77,16.77,16.77,100
ONB,2017-07-19,12:51:00,16.80,16.80,16.80,16.80,362
ONB,2017-07-19,12:53:00,16.77,16.77,16.77,16.77,100
ONB,2017-07-19,12:56:00,16.80,16.80,16.80,16.80,200
ONB,2017-07-19,12:58:00,16.80,16.80,16.80,16.80,174
ONB,2017-07-19,12:59:00,16.80,16.80,16.77,16.77,200
ONB,2017-07-19,13:00:00,16.80,16.80,16.80,16.80,100
ONB,2017-07-19,13:01:00,16.80,16.80,16.80,16.80,154
ONB,2017-07-19,13:02:00,16.80,16.80,16.80,16.80,100
ONB,2017-07-19,13:04:00,16.80,16.80,16.80,16.80,400
ONB,2017-07-19,13:06:00,16.77,16.82,16.77,16.80,12476
ONB,2017-07-19,13:07:00,16.80,16.80,16.80,16.80,3859
ONB,2017-07-19,13:08:00,16.80,16.80,16.80,16.80,165
ONB,2017-07-19,13:12:00,16.80,16.80,16.80,16.80,835
ONB,2017-07-19,13:13:00,16.77,16.77,16.77,16.77,662
ONB,2017-07-19,13:15:00,16.80,16.80,16.80,16.80,100
ONB,2017-07-19,13:16:00,16.77,16.77,16.77,16.77,345
ONB,2017-07-19,13:19:00,16.80,16.80,16.80,16.80,100
ONB,2017-07-19,13:22:00,16.80,16.82,16.80,16.82,2533
ONB,2017-07-19,13:23:00,16.82,16.82,16.82,16.82,200
ONB,2017-07-19,13:24:00,16.82,16.82,16.82,16.82,600
ONB,2017-07-19,13:25:00,16.82,16.82,16.80,16.80,700
ONB,2017-07-19,13:27:00,16.85,16.85,16.85,16.85,120
ONB,2017-07-19,13:28:00,16.85,16.85,16.82,16.82,300
ONB,2017-07-19,13:29:00,16.82,16.82,16.82,16.82,300
ONB,2017-07-19,13:30:00,16.85,16.85,16.85,16.85,100
ONB,2017-07-19,13:31:00,16.85,16.85,16.85,16.85,100
ONB,2017-07-19,13:32:00,16.85,16.85,16.85,16.85,100
ONB,2017-07-19,13:34:00,16.85,16.85,16.85,16.85,300
ONB,2017-07-19,13:35:00,16.82,16.82,16.80,16.82,3775
ONB,2017-07-19,13:36:00,16.85,16.85,16.85,16.85,100
ONB,2017-07-19,13:37:00,16.82,16.82,16.82,16.82,100
ONB,2017-07-19,13:38:00,16.85,16.85,16.85,16.85,100
ONB,2017-07-19,13:39:00,16.85,16.85,16.85,16.85,200
ONB,2017-07-19,13:40:00,16.85,16.85,16.85,16.85,230
ONB,2017-07-19,13:42:00,16.85,16.85,16.82,16.82,200
ONB,2017-07-19,13:43:00,16.82,16.85,16.82,16.82,300
ONB,2017-07-19,13:44:00,16.85,16.85,16.85,16.85,100
ONB,2017-07-19,13:45:00,16.82,16.85,16.82,16.85,200
ONB,2017-07-19,13:46:00,16.82,16.85,16.82,16.85,200
ONB,2017-07-19,13:47:00,16.82,16.82,16.80,16.82,31719
ONB,2017-07-19,13:48:00,16.82,16.82,16.82,16.82,100
ONB,2017-07-19,13:49:00,16.82,16.82,16.80,16.80,200
ONB,2017-07-19,13:50:00,16.82,16.82,16.82,16.82,100
ONB,2017-07-19,13:52:00,16.82,16.82,16.82,16.82,100
ONB,2017-07-19,13:53:00,16.82,16.82,16.82,16.82,100
ONB,2017-07-19,13:55:00,16.84,16.84,16.84,16.84,100
ONB,2017-07-19,13:56:00,16.82,16.82,16.82,16.82,200
ONB,2017-07-19,13:57:00,16.82,16.82,16.82,16.82,100
ONB,2017-07-19,13:58:00,16.82,16.82,16.82,16.82,598
ONB,2017-07-19,14:00:00,16.80,16.82,16.80,16.82,300
ONB,2017-07-19,14:01:00,16.82,16.82,16.82,16.82,100
ONB,2017-07-19,14:02:00,16.82,16.82,16.82,16.82,500
ONB,2017-07-19,14:03:00,16.82,16.82,16.82,16.82,500
ONB,2017-07-19,14:04:00,16.82,16.85,16.82,16.82,300
ONB,2017-07-19,14:05:00,16.82,16.82,16.82,16.82,300
ONB,2017-07-19,14:06:00,16.82,16.82,16.82,16.82,100
ONB,2017-07-19,14:07:00,16.82,16.82,16.77,16.77,18906
ONB,2017-07-19,14:08:00,16.77,16.85,16.75,16.77,23902
ONB,2017-07-19,14:09:00,16.77,16.80,16.77,16.77,400
ONB,2017-07-19,14:10:00,16.80,16.80,16.80,16.80,286
ONB,2017-07-19,14:11:00,16.80,16.80,16.80,16.80,686
ONB,2017-07-19,14:14:00,16.80,16.80,16.80,16.80,459
ONB,2017-07-19,14:15:00,16.79,16.79,16.79,16.79,541
ONB,2017-07-19,14:16:00,16.80,16.80,16.77,16.77,200
ONB,2017-07-19,14:17:00,16.80,16.80,16.80,16.80,662
ONB,2017-07-19,14:18:00,16.80,16.80,16.80,16.80,100
ONB,2017-07-19,14:20:00,16.80,16.80,16.77,16.77,700
ONB,2017-07-19,14:21:00,16.80,16.80,16.80,16.80,600
ONB,2017-07-19,14:22:00,16.77,16.80,16.77,16.80,300
ONB,2017-07-19,14:23:00,16.80,16.80,16.80,16.80,310
ONB,2017-07-19,14:24:00,16.80,16.80,16.80,16.80,1500
ONB,2017-07-19,14:25:00,16.77,16.80,16.77,16.80,563
ONB,2017-07-19,14:27:00,16.80,16.80,16.77,16.77,200
ONB,2017-07-19,14:28:00,16.77,16.80,16.77,16.80,200
ONB,2017-07-19,14:29:00,16.80,16.80,16.80,16.80,100
ONB,2017-07-19,14:30:00,16.80,16.80,16.80,16.80,393
ONB,2017-07-19,14:31:00,16.77,16.80,16.77,16.80,360
ONB,2017-07-19,14:32:00,16.80,16.82,16.77,16.80,10578
ONB,2017-07-19,14:33:00,16.80,16.80,16.80,16.80,100
ONB,2017-07-19,14:34:00,16.80,16.80,16.80,16.80,880
ONB,2017-07-19,14:35:00,16.80,16.82,16.80,16.82,1042
ONB,2017-07-19,14:36:00,16.80,16.80,16.80,16.80,586
ONB,2017-07-19,14:37:00,16.80,16.80,16.80,16.80,200
ONB,2017-07-19,14:38:00,16.82,16.82,16.82,16.82,100
ONB,2017-07-19,14:39:00,16.80,16.80,16.80,16.80,100
ONB,2017-07-19,14:40:00,16.80,16.80,16.80,16.80,4614
ONB,2017-07-19,14:41:00,16.80,16.82,16.80,16.82,700
ONB,2017-07-19,14:42:00,16.80,16.80,16.80,16.80,100
ONB,2017-07-19,14:43:00,16.82,16.82,16.82,16.82,300
ONB,2017-07-19,14:44:00,16.82,16.82,16.80,16.80,249
ONB,2017-07-19,14:45:00,16.82,16.82,16.82,16.82,200
ONB,2017-07-19,14:47:00,16.80,16.82,16.80,16.82,400
ONB,2017-07-19,14:48:00,16.80,16.80,16.80,16.80,223
ONB,2017-07-19,14:50:00,16.82,16.82,16.80,16.80,620
ONB,2017-07-19,14:51:00,16.82,16.82,16.80,16.80,200
ONB,2017-07-19,14:53:00,16.82,16.82,16.80,16.80,400
ONB,2017-07-19,14:54:00,16.82,16.82,16.82,16.82,100
ONB,2017-07-19,14:55:00,16.82,16.82,16.82,16.82,385
ONB,2017-07-19,14:56:00,16.82,16.82,16.82,16.82,200
ONB,2017-07-19,14:57:00,16.85,16.85,16.85,16.85,100
ONB,2017-07-19,14:58:00,16.82,16.82,16.82,16.82,100
ONB,2017-07-19,14:59:00,16.85,16.85,16.85,16.85,100
ONB,2017-07-19,15:00:00,16.85,16.85,16.85,16.85,100
ONB,2017-07-19,15:01:00,16.82,16.85,16.80,16.80,16201
ONB,2017-07-19,15:02:00,16.77,16.80,16.77,16.77,2276
ONB,2017-07-19,15:03:00,16.80,16.80,16.80,16.80,6882
ONB,2017-07-19,15:05:00,16.80,16.80,16.80,16.80,100
ONB,2017-07-19,15:06:00,16.77,16.80,16.77,16.80,200
ONB,2017-07-19,15:07:00,16.80,16.80,16.80,16.80,100
ONB,2017-07-19,15:08:00,16.80,16.82,16.80,16.82,4913
ONB,2017-07-19,15:09:00,16.80,16.82,16.80,16.82,959
ONB,2017-07-19,15:10:00,16.82,16.82,16.82,16.82,400
ONB,2017-07-19,15:11:00,16.82,16.82,16.82,16.82,800
ONB,2017-07-19,15:12:00,16.82,16.84,16.80,16.82,480
ONB,2017-07-19,15:13:00,16.82,16.82,16.80,16.80,600
ONB,2017-07-19,15:14:00,16.82,16.82,16.82,16.82,200
ONB,2017-07-19,15:15:00,16.82,16.82,16.82,16.82,600
ONB,2017-07-19,15:16:00,16.80,16.80,16.80,16.80,100
ONB,2017-07-19,15:17:00,16.82,16.82,16.82,16.82,460
ONB,2017-07-19,15:18:00,16.82,16.82,16.80,16.80,200
ONB,2017-07-19,15:19:00,16.80,16.82,16.80,16.80,7011
ONB,2017-07-19,15:20:00,16.77,16.82,16.77,16.82,2003
ONB,2017-07-19,15:21:00,16.82,16.82,16.82,16.82,700
ONB,2017-07-19,15:22:00,16.82,16.82,16.82,16.82,100
ONB,2017-07-19,15:23:00,16.82,16.85,16.82,16.85,1088
ONB,2017-07-19,15:24:00,16.85,16.88,16.82,16.82,10440
ONB,2017-07-19,15:26:00,16.82,16.82,16.82,16.82,1900
ONB,2017-07-19,15:27:00,16.85,16.85,16.85,16.85,100
ONB,2017-07-19,15:28:00,16.85,16.85,16.82,16.82,530
ONB,2017-07-19,15:29:00,16.82,16.82,16.82,16.82,300
ONB,2017-07-19,15:30:00,16.82,16.82,16.80,16.82,400
ONB,2017-07-19,15:31:00,16.85,16.85,16.85,16.85,455
ONB,2017-07-19,15:32:00,16.85,16.85,16.85,16.85,100
ONB,2017-07-19,15:33:00,16.85,16.85,16.82,16.82,400
ONB,2017-07-19,15:34:00,16.85,16.85,16.85,16.85,200
ONB,2017-07-19,15:35:00,16.85,16.85,16.82,16.85,559
ONB,2017-07-19,15:36:00,16.85,16.85,16.82,16.82,4543
ONB,2017-07-19,15:37:00,16.82,16.85,16.82,16.85,200
ONB,2017-07-19,15:38:00,16.82,16.82,16.82,16.82,300
ONB,2017-07-19,15:39:00,16.82,16.85,16.80,16.85,1626
ONB,2017-07-19,15:40:00,16.82,16.85,16.82,16.85,800
ONB,2017-07-19,15:41:00,16.80,16.80,16.80,16.80,274
ONB,2017-07-19,15:42:00,16.85,16.85,16.82,16.82,600
ONB,2017-07-19,15:43:00,16.82,16.85,16.82,16.85,1905
ONB,2017-07-19,15:44:00,16.85,16.85,16.82,16.82,1250
ONB,2017-07-19,15:45:00,16.82,16.82,16.82,16.82,1000
ONB,2017-07-19,15:46:00,16.85,16.85,16.82,16.82,900
ONB,2017-07-19,15:47:00,16.82,16.85,16.82,16.85,2491
ONB,2017-07-19,15:48:00,16.85,16.85,16.80,16.82,1100
ONB,2017-07-19,15:49:00,16.85,16.85,16.82,16.82,1000
ONB,2017-07-19,15:50:00,16.82,16.85,16.82,16.85,9667
ONB,2017-07-19,15:51:00,16.82,16.85,16.82,16.82,2000
ONB,2017-07-19,15:52:00,16.85,16.85,16.82,16.82,1210
ONB,2017-07-19,15:53:00,16.85,16.85,16.82,16.85,1400
ONB,2017-07-19,15:54:00,16.82,16.85,16.82,16.82,1300
ONB,2017-07-19,15:55:00,16.85,16.85,16.82,16.85,1300
ONB,2017-07-19,15:56:00,16.82,16.85,16.82,16.85,2540
ONB,2017-07-19,15:57:00,16.85,16.90,16.82,16.88,27183
ONB,2017-07-19,15:58:00,16.88,16.88,16.85,16.88,1300
ONB,2017-07-19,15:59:00,16.88,16.90,16.85,16.88,2630
ONB,2017-07-19,16:00:00,16.88,16.90,16.85,16.90,59013
ONB,2017-07-20,09:30:00,16.90,16.90,16.90,16.90,2836
ONB,2017-07-20,09:34:00,16.85,16.90,16.85,16.85,1989
ONB,2017-07-20,09:35:00,16.88,16.88,16.85,16.85,3687
ONB,2017-07-20,09:36:00,16.85,16.85,16.85,16.85,100
ONB,2017-07-20,09:37:00,16.85,16.85,16.85,16.85,1900
ONB,2017-07-20,09:38:00,16.85,16.85,16.85,16.85,100
ONB,2017-07-20,09:39:00,16.85,16.85,16.80,16.80,1204
ONB,2017-07-20,09:40:00,16.85,16.85,16.85,16.85,1031
ONB,2017-07-20,09:41:00,16.88,16.88,16.88,16.88,100
ONB,2017-07-20,09:42:00,16.88,16.88,16.88,16.88,100
ONB,2017-07-20,09:44:00,16.88,16.88,16.88,16.88,100
ONB,2017-07-20,09:45:00,16.90,16.93,16.85,16.85,8068
ONB,2017-07-20,09:46:00,16.90,16.90,16.90,16.90,2600
ONB,2017-07-20,09:47:00,16.90,16.90,16.90,16.90,1500
ONB,2017-07-20,09:48:00,16.88,16.88,16.88,16.88,2100
ONB,2017-07-20,09:50:00,16.88,16.88,16.88,16.88,200
ONB,2017-07-20,09:51:00,16.90,16.90,16.90,16.90,1500
ONB,2017-07-20,09:52:00,16.88,16.88,16.85,16.85,382
ONB,2017-07-20,09:53:00,16.88,16.90,16.88,16.90,6043
ONB,2017-07-20,09:54:00,16.88,16.90,16.88,16.88,900
ONB,2017-07-20,09:55:00,16.90,16.90,16.88,16.88,2700
ONB,2017-07-20,09:56:00,16.88,16.88,16.88,16.88,100
ONB,2017-07-20,09:57:00,16.88,16.88,16.88,16.88,500
ONB,2017-07-20,09:58:00,16.88,16.90,16.88,16.90,200
ONB,2017-07-20,10:00:00,16.88,16.88,16.88,16.88,200
ONB,2017-07-20,10:01:00,16.88,16.90,16.88,16.90,400
ONB,2017-07-20,10:02:00,16.90,16.90,16.88,16.88,500
ONB,2017-07-20,10:03:00,16.88,16.88,16.88,16.88,100
ONB,2017-07-20,10:04:00,16.88,16.88,16.88,16.88,100
ONB,2017-07-20,10:05:00,16.85,16.88,16.85,16.85,7670
ONB,2017-07-20,10:07:00,16.85,16.85,16.85,16.85,100
ONB,2017-07-20,10:08:00,16.85,16.85,16.85,16.85,2499
ONB,2017-07-20,10:09:00,16.85,16.85,16.82,16.82,1856
ONB,2017-07-20,10:11:00,16.80,16.80,16.80,16.80,1456
ONB,2017-07-20,10:12:00,16.82,16.85,16.80,16.80,547
ONB,2017-07-20,10:13:00,16.85,16.85,16.85,16.85,100
ONB,2017-07-20,10:14:00,16.82,16.82,16.82,16.82,100
ONB,2017-07-20,10:16:00,16.85,16.85,16.85,16.85,4116
ONB,2017-07-20,10:18:00,16.88,16.88,16.85,16.88,400
ONB,2017-07-20,10:19:00,16.88,16.88,16.88,16.88,900
ONB,2017-07-20,10:20:00,16.88,16.88,16.88,16.88,100
ONB,2017-07-20,10:22:00,16.88,16.88,16.88,16.88,100
ONB,2017-07-20,10:23:00,16.88,16.91,16.88,16.91,10367
ONB,2017-07-20,10:24:00,16.95,16.95,16.90,16.93,6104
ONB,2017-07-20,10:25:00,16.95,16.95,16.95,16.95,200
ONB,2017-07-20,10:26:00,16.95,16.95,16.95,16.95,100
ONB,2017-07-20,10:27:00,16.95,16.95,16.95,16.95,300
ONB,2017-07-20,10:28:00,16.93,16.93,16.93,16.93,1400
ONB,2017-07-20,10:29:00,16.93,16.93,16.93,16.93,300
ONB,2017-07-20,10:30:00,16.93,16.93,16.93,16.93,300
ONB,2017-07-20,10:31:00,16.93,16.93,16.93,16.93,400
ONB,2017-07-20,10:32:00,16.93,16.95,16.93,16.95,200
ONB,2017-07-20,10:34:00,16.93,16.93,16.93,16.93,200
ONB,2017-07-20,10:35:00,16.93,16.93,16.93,16.93,600
ONB,2017-07-20,10:36:00,16.93,16.93,16.88,16.88,7646
ONB,2017-07-20,10:37:00,16.90,16.90,16.88,16.88,1983
ONB,2017-07-20,10:38:00,16.85,16.88,16.75,16.75,48471
ONB,2017-07-20,10:39:00,16.75,16.77,16.70,16.75,9880
ONB,2017-07-20,10:40:00,16.75,16.75,16.75,16.75,2600
ONB,2017-07-20,10:41:00,16.75,16.75,16.73,16.73,1600
ONB,2017-07-20,10:42:00,16.75,16.75,16.75,16.75,1890
ONB,2017-07-20,10:43:00,16.75,16.75,16.75,16.75,700
ONB,2017-07-20,10:44:00,16.75,16.75,16.75,16.75,200
ONB,2017-07-20,10:47:00,16.75,16.75,16.73,16.73,600
ONB,2017-07-20,10:48:00,16.73,16.75,16.73,16.75,1800
ONB,2017-07-20,10:49:00,16.75,16.75,16.75,16.75,2100
ONB,2017-07-20,10:50:00,16.75,16.75,16.75,16.75,1700
ONB,2017-07-20,10:51:00,16.75,16.75,16.75,16.75,1200
ONB,2017-07-20,10:52:00,16.75,16.77,16.75,16.75,6855
ONB,2017-07-20,10:53:00,16.75,16.75,16.75,16.75,500
ONB,2017-07-20,10:54:00,16.75,16.75,16.75,16.75,300
ONB,2017-07-20,10:55:00,16.75,16.75,16.73,16.75,4600
ONB,2017-07-20,10:56:00,16.75,16.75,16.75,16.75,2200
ONB,2017-07-20,10:57:00,16.75,16.80,16.75,16.80,10114
ONB,2017-07-20,10:58:00,16.80,16.85,16.80,16.85,2700
ONB,2017-07-20,10:59:00,16.85,16.85,16.82,16.85,300
ONB,2017-07-20,11:00:00,16.82,16.82,16.82,16.82,500
ONB,2017-07-20,11:01:00,16.85,16.85,16.82,16.82,1400
ONB,2017-07-20,11:02:00,16.82,16.82,16.82,16.82,400
ONB,2017-07-20,11:03:00,16.82,16.82,16.82,16.82,300
ONB,2017-07-20,11:04:00,16.82,16.82,16.80,16.82,5579
ONB,2017-07-20,11:05:00,16.82,16.82,16.82,16.82,2100
ONB,2017-07-20,11:06:00,16.82,16.82,16.80,16.80,4688
ONB,2017-07-20,11:07:00,16.80,16.80,16.77,16.80,1400
ONB,2017-07-20,11:08:00,16.82,16.82,16.80,16.80,1233
ONB,2017-07-20,11:10:00,16.77,16.77,16.75,16.75,1000
ONB,2017-07-20,11:11:00,16.75,16.75,16.75,16.75,100
ONB,2017-07-20,11:13:00,16.77,16.80,16.77,16.77,600
ONB,2017-07-20,11:14:00,16.77,16.77,16.73,16.73,12126
ONB,2017-07-20,11:16:00,16.73,16.73,16.70,16.70,900
ONB,2017-07-20,11:17:00,16.70,16.73,16.70,16.73,6373
ONB,2017-07-20,11:19:00,16.73,16.73,16.73,16.73,200
ONB,2017-07-20,11:21:00,16.70,16.73,16.70,16.70,2505
ONB,2017-07-20,11:22:00,16.70,16.70,16.68,16.68,3100
ONB,2017-07-20,11:23:00,16.68,16.70,16.68,16.68,9983
ONB,2017-07-20,11:24:00,16.68,16.68,16.68,16.68,1800
ONB,2017-07-20,11:29:00,16.68,16.68,16.68,16.68,500
ONB,2017-07-20,11:30:00,16.68,16.68,16.68,16.68,900
ONB,2017-07-20,11:31:00,16.68,16.68,16.68,16.68,300
ONB,2017-07-20,11:32:00,16.68,16.70,16.68,16.70,450
ONB,2017-07-20,11:34:00,16.68,16.68,16.68,16.68,200
ONB,2017-07-20,11:36:00,16.68,16.68,16.68,16.68,100
ONB,2017-07-20,11:38:00,16.68,16.68,16.68,16.68,200
ONB,2017-07-20,11:40:00,16.68,16.68,16.68,16.68,100
ONB,2017-07-20,11:41:00,16.68,16.70,16.68,16.70,200
ONB,2017-07-20,11:42:00,16.68,16.68,16.65,16.65,200
ONB,2017-07-20,11:43:00,16.68,16.68,16.65,16.65,817
ONB,2017-07-20,11:44:00,16.68,16.68,16.68,16.68,500
ONB,2017-07-20,11:45:00,16.68,16.70,16.68,16.70,873
ONB,2017-07-20,11:46:00,16.70,16.70,16.70,16.70,7494
ONB,2017-07-20,11:48:00,16.70,16.70,16.70,16.70,100
ONB,2017-07-20,11:49:00,16.70,16.73,16.70,16.73,4808
ONB,2017-07-20,11:50:00,16.70,16.70,16.68,16.68,1200
ONB,2017-07-20,11:51:00,16.70,16.70,16.70,16.70,3192
ONB,2017-07-20,11:54:00,16.70,16.70,16.70,16.70,100
ONB,2017-07-20,11:57:00,16.68,16.68,16.68,16.68,100
ONB,2017-07-20,11:58:00,16.68,16.68,16.68,16.68,580
ONB,2017-07-20,12:01:00,16.68,16.68,16.65,16.65,941
ONB,2017-07-20,12:02:00,16.65,16.68,16.65,16.68,1728
ONB,2017-07-20,12:03:00,16.68,16.68,16.68,16.68,600
ONB,2017-07-20,12:04:00,16.65,16.68,16.65,16.68,554
ONB,2017-07-20,12:05:00,16.65,16.68,16.65,16.68,978
ONB,2017-07-20,12:06:00,16.65,16.70,16.65,16.65,1183
ONB,2017-07-20,12:07:00,16.65,16.68,16.65,16.68,200
ONB,2017-07-20,12:08:00,16.65,16.68,16.65,16.68,484
ONB,2017-07-20,12:09:00,16.66,16.68,16.65,16.65,3812
ONB,2017-07-20,12:10:00,16.65,16.65,16.65,16.65,300
ONB,2017-07-20,12:11:00,16.65,16.68,16.65,16.68,1784
ONB,2017-07-20,12:12:00,16.68,16.68,16.65,16.65,329
ONB,2017-07-20,12:14:00,16.68,16.68,16.68,16.68,700
ONB,2017-07-20,12:15:00,16.68,16.68,16.68,16.68,200
ONB,2017-07-20,12:19:00,16.65,16.70,16.65,16.68,496
ONB,2017-07-20,12:20:00,16.65,16.65,16.65,16.65,272
ONB,2017-07-20,12:21:00,16.65,16.68,16.65,16.68,1497
ONB,2017-07-20,12:22:00,16.68,16.70,16.65,16.68,1964
ONB,2017-07-20,12:23:00,16.68,16.68,16.68,16.68,400
ONB,2017-07-20,12:24:00,16.68,16.68,16.65,16.65,522
ONB,2017-07-20,12:25:00,16.68,16.68,16.68,16.68,800
ONB,2017-07-20,12:26:00,16.70,16.70,16.70,16.70,100
ONB,2017-07-20,12:27:00,16.70,16.70,16.68,16.68,3415
ONB,2017-07-20,12:28:00,16.68,16.70,16.68,16.70,400
ONB,2017-07-20,12:29:00,16.68,16.70,16.68,16.70,638
ONB,2017-07-20,12:31:00,16.70,16.70,16.70,16.70,100
ONB,2017-07-20,12:32:00,16.70,16.73,16.70,16.73,2100
ONB,2017-07-20,12:33:00,16.73,16.73,16.73,16.73,100
ONB,2017-07-20,12:34:00,16.73,16.73,16.73,16.73,600
ONB,2017-07-20,12:35:00,16.73,16.73,16.73,16.73,600
ONB,2017-07-20,12:36:00,16.73,16.73,16.73,16.73,1000
ONB,2017-07-20,12:38:00,16.70,16.73,16.70,16.73,400
ONB,2017-07-20,12:39:00,16.73,16.73,16.70,16.73,1100
ONB,2017-07-20,12:42:00,16.70,16.70,16.70,16.70,375
ONB,2017-07-20,12:43:00,16.75,16.75,16.75,16.75,200
ONB,2017-07-20,12:46:00,16.73,16.73,16.73,16.73,100
ONB,2017-07-20,12:47:00,16.75,16.75,16.75,16.75,100
ONB,2017-07-20,12:49:00,16.75,16.75,16.75,16.75,100
ONB,2017-07-20,12:50:00,16.73,16.73,16.73,16.73,100
ONB,2017-07-20,12:51:00,16.75,16.75,16.72,16.72,500
ONB,2017-07-20,12:53:00,16.73,16.75,16.73,16.75,1000
ONB,2017-07-20,12:54:00,16.75,16.75,16.70,16.70,300
ONB,2017-07-20,12:55:00,16.73,16.73,16.73,16.73,900
ONB,2017-07-20,12:56:00,16.73,16.73,16.73,16.73,8900
ONB,2017-07-20,12:57:00,16.73,16.73,16.70,16.73,2905
ONB,2017-07-20,12:58:00,16.70,16.73,16.70,16.73,2253
ONB,2017-07-20,12:59:00,16.75,16.75,16.75,16.75,100
ONB,2017-07-20,13:00:00,16.73,16.75,16.73,16.75,300
ONB,2017-07-20,13:01:00,16.73,16.73,16.70,16.73,1329
ONB,2017-07-20,13:02:00,16.73,16.73,16.73,16.73,800
ONB,2017-07-20,13:03:00,16.73,16.75,16.73,16.75,300
ONB,2017-07-20,13:04:00,16.75,16.75,16.75,16.75,200
ONB,2017-07-20,13:05:00,16.73,16.75,16.73,16.73,1100
ONB,2017-07-20,13:06:00,16.73,16.73,16.70,16.70,836
ONB,2017-07-20,13:07:00,16.73,16.73,16.73,16.73,200
ONB,2017-07-20,13:08:00,16.75,16.75,16.75,16.75,166
ONB,2017-07-20,13:11:00,16.75,16.75,16.75,16.75,300
ONB,2017-07-20,13:12:00,16.73,16.73,16.73,16.73,500
ONB,2017-07-20,13:13:00,16.75,16.75,16.75,16.75,200
ONB,2017-07-20,13:14:00,16.75,16.75,16.75,16.75,100
ONB,2017-07-20,13:15:00,16.75,16.75,16.75,16.75,100
ONB,2017-07-20,13:16:00,16.75,16.75,16.75,16.75,200
ONB,2017-07-20,13:17:00,16.73,16.75,16.73,16.73,300
ONB,2017-07-20,13:18:00,16.73,16.73,16.73,16.73,100
ONB,2017-07-20,13:19:00,16.75,16.75,16.75,16.75,100
ONB,2017-07-20,13:20:00,16.75,16.75,16.75,16.75,100
ONB,2017-07-20,13:22:00,16.73,16.75,16.73,16.75,1100
ONB,2017-07-20,13:23:00,16.75,16.75,16.75,16.75,200
ONB,2017-07-20,13:24:00,16.75,16.75,16.73,16.73,500
ONB,2017-07-20,13:25:00,16.75,16.75,16.73,16.73,200
ONB,2017-07-20,13:26:00,16.75,16.75,16.75,16.75,300
ONB,2017-07-20,13:27:00,16.75,16.75,16.73,16.73,200
ONB,2017-07-20,13:28:00,16.73,16.75,16.73,16.75,600
ONB,2017-07-20,13:29:00,16.75,16.75,16.75,16.75,200
ONB,2017-07-20,13:30:00,16.75,16.75,16.75,16.75,300
ONB,2017-07-20,13:31:00,16.75,16.75,16.72,16.73,644
ONB,2017-07-20,13:32:00,16.75,16.77,16.75,16.75,24120
ONB,2017-07-20,13:33:00,16.75,16.77,16.73,16.73,3100
ONB,2017-07-20,13:36:00,16.75,16.77,16.75,16.75,14380
ONB,2017-07-20,13:38:00,16.73,16.77,16.70,16.77,8149
ONB,2017-07-20,13:39:00,16.75,16.75,16.75,16.75,3600
ONB,2017-07-20,13:40:00,16.75,16.79,16.75,16.75,3500
ONB,2017-07-20,13:42:00,16.77,16.77,16.77,16.77,600
ONB,2017-07-20,13:46:00,16.77,16.77,16.75,16.75,23626
ONB,2017-07-20,13:47:00,16.77,16.77,16.77,16.77,200
ONB,2017-07-20,13:48:00,16.77,16.77,16.77,16.77,200
ONB,2017-07-20,13:49:00,16.77,16.77,16.77,16.77,100
ONB,2017-07-20,13:52:00,16.77,16.77,16.77,16.77,200
ONB,2017-07-20,13:53:00,16.77,16.77,16.77,16.77,300
ONB,2017-07-20,13:54:00,16.77,16.77,16.73,16.75,15840
ONB,2017-07-20,13:55:00,16.77,16.77,16.77,16.77,400
ONB,2017-07-20,13:56:00,16.77,16.80,16.77,16.77,1352
ONB,2017-07-20,13:57:00,16.75,16.75,16.75,16.75,200
ONB,2017-07-20,13:58:00,16.77,16.78,16.75,16.78,2260
ONB,2017-07-20,14:00:00,16.77,16.77,16.77,16.77,100
ONB,2017-07-20,14:01:00,16.77,16.77,16.77,16.77,100
ONB,2017-07-20,14:02:00,16.79,16.79,16.77,16.77,678
ONB,2017-07-20,14:03:00,16.77,16.77,16.75,16.75,704
ONB,2017-07-20,14:05:00,16.77,16.77,16.77,16.77,100
ONB,2017-07-20,14:06:00,16.75,16.77,16.75,16.75,804
ONB,2017-07-20,14:07:00,16.77,16.77,16.77,16.77,200
ONB,2017-07-20,14:08:00,16.77,16.77,16.77,16.77,200
ONB,2017-07-20,14:09:00,16.77,16.77,16.77,16.77,300
ONB,2017-07-20,14:10:00,16.77,16.77,16.75,16.77,910
ONB,2017-07-20,14:11:00,16.75,16.77,16.75,16.77,903
ONB,2017-07-20,14:12:00,16.77,16.77,16.75,16.75,300
ONB,2017-07-20,14:14:00,16.80,16.80,16.80,16.80,100
ONB,2017-07-20,14:15:00,16.77,16.82,16.77,16.80,19525
ONB,2017-07-20,14:16:00,16.77,16.80,16.77,16.80,503
ONB,2017-07-20,14:17:00,16.80,16.80,16.77,16.77,403
ONB,2017-07-20,14:18:00,16.77,16.77,16.77,16.77,100
ONB,2017-07-20,14:19:00,16.77,16.77,16.77,16.77,100
ONB,2017-07-20,14:22:00,16.77,16.77,16.77,16.77,100
ONB,2017-07-20,14:23:00,16.80,16.80,16.77,16.77,1658
ONB,2017-07-20,14:25:00,16.80,16.80,16.80,16.80,170
ONB,2017-07-20,14:27:00,16.80,16.80,16.80,16.80,300
ONB,2017-07-20,14:28:00,16.77,16.77,16.77,16.77,400
ONB,2017-07-20,14:29:00,16.77,16.80,16.75,16.80,1500
ONB,2017-07-20,14:32:00,16.80,16.80,16.80,16.80,100
ONB,2017-07-20,14:33:00,16.80,16.80,16.80,16.80,200
ONB,2017-07-20,14:34:00,16.80,16.80,16.77,16.77,300
ONB,2017-07-20,14:35:00,16.80,16.80,16.80,16.80,684
ONB,2017-07-20,14:36:00,16.80,16.85,16.80,16.82,5318
ONB,2017-07-20,14:38:00,16.85,16.85,16.85,16.85,100
ONB,2017-07-20,14:40:00,16.82,16.85,16.80,16.85,606
ONB,2017-07-20,14:41:00,16.82,16.85,16.82,16.85,1600
ONB,2017-07-20,14:42:00,16.82,16.85,16.80,16.82,3000
ONB,2017-07-20,14:43:00,16.82,16.82,16.82,16.82,800
ONB,2017-07-20,14:44:00,16.82,16.82,16.80,16.80,300
ONB,2017-07-20,14:45:00,16.82,16.82,16.82,16.82,100
ONB,2017-07-20,14:46:00,16.82,16.82,16.80,16.80,200
ONB,2017-07-20,14:47:00,16.82,16.82,16.82,16.82,500
ONB,2017-07-20,14:48:00,16.82,16.82,16.80,16.82,300
ONB,2017-07-20,14:49:00,16.82,16.82,16.82,16.82,100
ONB,2017-07-20,14:50:00,16.82,16.82,16.80,16.82,300
ONB,2017-07-20,14:51:00,16.82,16.82,16.77,16.77,17060
ONB,2017-07-20,14:52:00,16.77,16.77,16.75,16.75,200
ONB,2017-07-20,14:53:00,16.75,16.77,16.75,16.77,200
ONB,2017-07-20,14:54:00,16.77,16.77,16.77,16.77,100
ONB,2017-07-20,14:55:00,16.75,16.75,16.75,16.75,100
ONB,2017-07-20,14:56:00,16.77,16.77,16.75,16.77,400
ONB,2017-07-20,14:57:00,16.75,16.75,16.75,16.75,100
ONB,2017-07-20,14:58:00,16.77,16.77,16.77,16.77,100
ONB,2017-07-20,14:59:00,16.77,16.77,16.75,16.75,849
ONB,2017-07-20,15:00:00,16.77,16.77,16.77,16.77,200
ONB,2017-07-20,15:01:00,16.75,16.75,16.75,16.75,700
ONB,2017-07-20,15:02:00,16.77,16.77,16.77,16.77,100
ONB,2017-07-20,15:03:00,16.77,16.77,16.75,16.77,400
ONB,2017-07-20,15:04:00,16.77,16.77,16.77,16.77,900
ONB,2017-07-20,15:05:00,16.77,16.77,16.75,16.77,500
ONB,2017-07-20,15:06:00,16.77,16.78,16.75,16.75,452
ONB,2017-07-20,15:07:00,16.75,16.77,16.75,16.77,552
ONB,2017-07-20,15:08:00,16.77,16.77,16.77,16.77,100
ONB,2017-07-20,15:10:00,16.77,16.77,16.77,16.77,200
ONB,2017-07-20,15:11:00,16.77,16.77,16.77,16.77,200
ONB,2017-07-20,15:12:00,16.77,16.77,16.77,16.77,100
ONB,2017-07-20,15:13:00,16.77,16.78,16.77,16.78,400
ONB,2017-07-20,15:14:00,16.77,16.77,16.77,16.77,400
ONB,2017-07-20,15:15:00,16.77,16.77,16.77,16.77,200
ONB,2017-07-20,15:16:00,16.77,16.77,16.77,16.77,400
ONB,2017-07-20,15:17:00,16.77,16.77,16.77,16.77,300
ONB,2017-07-20,15:18:00,16.77,16.77,16.73,16.73,25435
ONB,2017-07-20,15:19:00,16.73,16.73,16.70,16.70,3171
ONB,2017-07-20,15:20:00,16.73,16.75,16.70,16.73,29629
ONB,2017-07-20,15:21:00,16.73,16.73,16.70,16.73,26073
ONB,2017-07-20,15:22:00,16.73,16.73,16.73,16.73,1100
ONB,2017-07-20,15:24:00,16.73,16.73,16.73,16.73,400
ONB,2017-07-20,15:25:00,16.73,16.73,16.73,16.73,1000
ONB,2017-07-20,15:26:00,16.70,16.75,16.70,16.73,2800
ONB,2017-07-20,15:27:00,16.75,16.75,16.73,16.73,2112
ONB,2017-07-20,15:28:00,16.73,16.75,16.73,16.75,1549
ONB,2017-07-20,15:29:00,16.75,16.75,16.73,16.73,1200
ONB,2017-07-20,15:30:00,16.73,16.75,16.73,16.75,1679
ONB,2017-07-20,15:31:00,16.75,16.77,16.75,16.77,11402
ONB,2017-07-20,15:32:00,16.77,16.80,16.76,16.77,960
ONB,2017-07-20,15:33:00,16.77,16.77,16.77,16.77,600
ONB,2017-07-20,15:34:00,16.80,16.80,16.75,16.80,700
ONB,2017-07-20,15:35:00,16.77,16.80,16.77,16.77,1100
ONB,2017-07-20,15:36:00,16.77,16.80,16.75,16.77,1700
ONB,2017-07-20,15:37:00,16.77,16.77,16.77,16.77,300
ONB,2017-07-20,15:38:00,16.77,16.80,16.77,16.77,1697
ONB,2017-07-20,15:39:00,16.77,16.80,16.77,16.80,1100
ONB,2017-07-20,15:40:00,16.77,16.80,16.77,16.77,300
ONB,2017-07-20,15:41:00,16.77,16.80,16.77,16.80,600
ONB,2017-07-20,15:42:00,16.80,16.80,16.77,16.80,700
ONB,2017-07-20,15:43:00,16.80,16.80,16.80,16.80,663
ONB,2017-07-20,15:44:00,16.77,16.80,16.77,16.77,1000
ONB,2017-07-20,15:45:00,16.77,16.80,16.77,16.80,800
ONB,2017-07-20,15:46:00,16.77,16.80,16.77,16.77,700
ONB,2017-07-20,15:47:00,16.80,16.80,16.77,16.77,700
ONB,2017-07-20,15:48:00,16.80,16.80,16.77,16.77,900
ONB,2017-07-20,15:49:00,16.77,16.80,16.77,16.80,1120
ONB,2017-07-20,15:50:00,16.80,16.85,16.77,16.80,18475
ONB,2017-07-20,15:51:00,16.80,16.85,16.77,16.77,12638
ONB,2017-07-20,15:52:00,16.77,16.80,16.77,16.80,800
ONB,2017-07-20,15:53:00,16.77,16.82,16.77,16.80,6131
ONB,2017-07-20,15:54:00,16.80,16.80,16.77,16.80,1772
ONB,2017-07-20,15:55:00,16.77,16.80,16.77,16.80,600
ONB,2017-07-20,15:56:00,16.80,16.80,16.77,16.77,1788
ONB,2017-07-20,15:57:00,16.80,16.80,16.77,16.80,1600
ONB,2017-07-20,15:58:00,16.77,16.80,16.77,16.77,3594
ONB,2017-07-20,15:59:00,16.80,16.80,16.75,16.77,14292
ONB,2017-07-20,16:00:00,16.77,16.80,16.75,16.75,62532
ONB,2017-07-21,09:30:00,16.95,16.95,16.95,16.95,72825
ONB,2017-07-21,09:31:00,16.84,16.90,16.84,16.90,1100
ONB,2017-07-21,09:32:00,16.85,16.85,16.85,16.85,7093
ONB,2017-07-21,09:33:00,16.85,16.85,16.80,16.80,1300
ONB,2017-07-21,09:35:00,16.85,16.85,16.80,16.80,3083
ONB,2017-07-21,09:36:00,16.80,16.80,16.80,16.80,2400
ONB,2017-07-21,09:37:00,16.80,16.80,16.80,16.80,1852
ONB,2017-07-21,09:39:00,16.80,16.80,16.80,16.80,2600
ONB,2017-07-21,09:40:00,16.82,16.82,16.82,16.82,200
ONB,2017-07-21,09:44:00,16.85,16.88,16.85,16.88,1500
ONB,2017-07-21,09:45:00,16.88,16.88,16.85,16.88,3605
ONB,2017-07-21,09:46:00,16.85,16.85,16.82,16.85,2661
ONB,2017-07-21,09:47:00,16.88,16.88,16.88,16.88,100
ONB,2017-07-21,09:49:00,16.88,16.88,16.88,16.88,100
ONB,2017-07-21,09:50:00,16.88,16.88,16.88,16.88,100
ONB,2017-07-21,09:51:00,16.88,16.88,16.82,16.82,1900
ONB,2017-07-21,09:52:00,16.82,16.82,16.80,16.80,4300
ONB,2017-07-21,09:53:00,16.77,16.77,16.77,16.77,1200
ONB,2017-07-21,09:54:00,16.77,16.79,16.77,16.77,2700
ONB,2017-07-21,09:55:00,16.77,16.77,16.77,16.77,100
ONB,2017-07-21,09:56:00,16.77,16.77,16.77,16.77,300
ONB,2017-07-21,09:57:00,16.77,16.80,16.77,16.80,1800
ONB,2017-07-21,09:58:00,16.80,16.82,16.77,16.77,2200
ONB,2017-07-21,09:59:00,16.77,16.77,16.77,16.77,300
ONB,2017-07-21,10:00:00,16.77,16.77,16.75,16.77,500
ONB,2017-07-21,10:01:00,16.77,16.77,16.70,16.70,3107
ONB,2017-07-21,10:02:00,16.73,16.73,16.73,16.73,100
ONB,2017-07-21,10:04:00,16.70,16.70,16.68,16.68,6052
ONB,2017-07-21,10:05:00,16.68,16.68,16.65,16.68,1500
ONB,2017-07-21,10:06:00,16.68,16.68,16.62,16.62,2600
ONB,2017-07-21,10:07:00,16.62,16.62,16.62,16.62,300
ONB,2017-07-21,10:08:00,16.65,16.68,16.62,16.68,11088
ONB,2017-07-21,10:09:00,16.68,16.68,16.68,16.68,500
ONB,2017-07-21,10:10:00,16.68,16.68,16.62,16.62,7500
ONB,2017-07-21,10:12:00,16.65,16.65,16.65,16.65,605
ONB,2017-07-21,10:13:00,16.65,16.65,16.65,16.65,3079
ONB,2017-07-21,10:14:00,16.68,16.68,16.68,16.68,200
ONB,2017-07-21,10:15:00,16.65,16.65,16.65,16.65,2742
ONB,2017-07-21,10:20:00,16.62,16.62,16.62,16.62,200
ONB,2017-07-21,10:21:00,16.62,16.62,16.62,16.62,500
ONB,2017-07-21,10:22:00,16.62,16.62,16.62,16.62,100
ONB,2017-07-21,10:23:00,16.65,16.68,16.65,16.68,2300
ONB,2017-07-21,10:24:00,16.68,16.68,16.68,16.68,100
ONB,2017-07-21,10:25:00,16.68,16.70,16.68,16.68,300
ONB,2017-07-21,10:26:00,16.70,16.70,16.70,16.70,300
ONB,2017-07-21,10:28:00,16.70,16.70,16.70,16.70,100
ONB,2017-07-21,10:29:00,16.68,16.68,16.68,16.68,100
ONB,2017-07-21,10:30:00,16.68,16.70,16.68,16.68,800
ONB,2017-07-21,10:31:00,16.70,16.70,16.68,16.68,200
ONB,2017-07-21,10:32:00,16.68,16.68,16.68,16.68,300
ONB,2017-07-21,10:33:00,16.68,16.68,16.68,16.68,1900
ONB,2017-07-21,10:34:00,16.70,16.70,16.68,16.68,3700
ONB,2017-07-21,10:35:00,16.68,16.68,16.68,16.68,300
ONB,2017-07-21,10:36:00,16.68,16.68,16.68,16.68,100
ONB,2017-07-21,10:38:00,16.68,16.68,16.68,16.68,100
ONB,2017-07-21,10:39:00,16.68,16.70,16.68,16.68,600
ONB,2017-07-21,10:40:00,16.68,16.68,16.68,16.68,200
ONB,2017-07-21,10:41:00,16.68,16.70,16.68,16.68,300
ONB,2017-07-21,10:42:00,16.70,16.70,16.70,16.70,200
ONB,2017-07-21,10:43:00,16.68,16.70,16.68,16.68,600
ONB,2017-07-21,10:46:00,16.68,16.68,16.68,16.68,100
ONB,2017-07-21,10:47:00,16.68,16.68,16.65,16.68,300
ONB,2017-07-21,10:49:00,16.68,16.68,16.68,16.68,100
ONB,2017-07-21,10:50:00,16.68,16.68,16.68,16.68,100
ONB,2017-07-21,10:51:00,16.65,16.65,16.65,16.65,7386
ONB,2017-07-21,10:52:00,16.65,16.65,16.62,16.65,300
ONB,2017-07-21,10:54:00,16.62,16.62,16.62,16.62,300
ONB,2017-07-21,10:55:00,16.62,16.62,16.62,16.62,100
ONB,2017-07-21,10:57:00,16.62,16.62,16.62,16.62,100
ONB,2017-07-21,10:58:00,16.62,16.62,16.62,16.62,300
ONB,2017-07-21,10:59:00,16.65,16.65,16.62,16.62,200
ONB,2017-07-21,11:00:00,16.62,16.62,16.62,16.62,200
ONB,2017-07-21,11:05:00,16.65,16.68,16.62,16.68,18291
ONB,2017-07-21,11:06:00,16.68,16.68,16.68,16.68,1200
ONB,2017-07-21,11:07:00,16.68,16.68,16.68,16.68,100
ONB,2017-07-21,11:10:00,16.65,16.68,16.65,16.65,4305
ONB,2017-07-21,11:11:00,16.68,16.68,16.68,16.68,600
ONB,2017-07-21,11:12:00,16.65,16.68,16.65,16.68,4614
ONB,2017-07-21,11:13:00,16.65,16.68,16.65,16.65,5466
ONB,2017-07-21,11:14:00,16.65,16.68,16.65,16.65,2269
ONB,2017-07-21,11:15:00,16.65,16.68,16.65,16.65,1954
ONB,2017-07-21,11:16:00,16.68,16.68,16.62,16.65,3458
ONB,2017-07-21,11:17:00,16.65,16.65,16.65,16.65,300
ONB,2017-07-21,11:19:00,16.65,16.65,16.65,16.65,468
ONB,2017-07-21,11:20:00,16.68,16.73,16.68,16.70,39620
ONB,2017-07-21,11:21:00,16.70,16.73,16.68,16.70,6700
ONB,2017-07-21,11:22:00,16.68,16.70,16.68,16.68,53154
ONB,2017-07-21,11:23:00,16.70,16.73,16.70,16.70,2400
ONB,2017-07-21,11:24:00,16.70,16.70,16.70,16.70,800
ONB,2017-07-21,11:25:00,16.70,16.70,16.70,16.70,450
ONB,2017-07-21,11:26:00,16.70,16.73,16.70,16.73,800
ONB,2017-07-21,11:27:00,16.73,16.73,16.70,16.70,600
ONB,2017-07-21,11:28:00,16.70,16.70,16.70,16.70,400
ONB,2017-07-21,11:29:00,16.73,16.73,16.70,16.70,205
ONB,2017-07-21,11:30:00,16.70,16.70,16.68,16.70,2875
ONB,2017-07-21,11:31:00,16.70,16.70,16.68,16.68,2200
ONB,2017-07-21,11:32:00,16.70,16.70,16.70,16.70,100
ONB,2017-07-21,11:33:00,16.68,16.68,16.68,16.68,800
ONB,2017-07-21,11:34:00,16.66,16.66,16.65,16.65,520
ONB,2017-07-21,11:35:00,16.68,16.68,16.68,16.68,900
ONB,2017-07-21,11:36:00,16.68,16.68,16.68,16.68,100
ONB,2017-07-21,11:38:00,16.68,16.70,16.68,16.70,516
ONB,2017-07-21,11:40:00,16.68,16.70,16.68,16.70,3078
ONB,2017-07-21,11:41:00,16.73,16.73,16.73,16.73,200
ONB,2017-07-21,11:44:00,16.73,16.73,16.73,16.73,500
ONB,2017-07-21,11:46:00,16.75,16.75,16.73,16.73,300
ONB,2017-07-21,11:47:00,16.73,16.73,16.71,16.71,934
ONB,2017-07-21,11:48:00,16.70,16.73,16.68,16.68,8474
ONB,2017-07-21,11:49:00,16.68,16.68,16.65,16.65,2120
ONB,2017-07-21,11:50:00,16.65,16.65,16.65,16.65,665
ONB,2017-07-21,11:51:00,16.68,16.68,16.65,16.65,1245
ONB,2017-07-21,11:52:00,16.68,16.68,16.65,16.65,253
ONB,2017-07-21,11:53:00,16.68,16.68,16.65,16.65,500
ONB,2017-07-21,11:54:00,16.68,16.68,16.62,16.65,11658
ONB,2017-07-21,11:55:00,16.65,16.68,16.65,16.68,700
ONB,2017-07-21,11:56:00,16.65,16.68,16.65,16.68,300
ONB,2017-07-21,11:57:00,16.65,16.65,16.65,16.65,200
ONB,2017-07-21,11:58:00,16.65,16.65,16.62,16.65,3424
ONB,2017-07-21,11:59:00,16.62,16.62,16.62,16.62,500
ONB,2017-07-21,12:00:00,16.65,16.68,16.65,16.65,3773
ONB,2017-07-21,12:02:00,16.68,16.68,16.68,16.68,100
ONB,2017-07-21,12:03:00,16.65,16.68,16.65,16.65,5082
ONB,2017-07-21,12:05:00,16.68,16.68,16.68,16.68,323
ONB,2017-07-21,12:06:00,16.68,16.68,16.68,16.68,315
ONB,2017-07-21,12:07:00,16.65,16.68,16.65,16.65,2700
ONB,2017-07-21,12:09:00,16.68,16.68,16.67,16.68,442
ONB,2017-07-21,12:11:00,16.68,16.68,16.68,16.68,100
ONB,2017-07-21,12:13:00,16.68,16.68,16.68,16.68,400
ONB,2017-07-21,12:14:00,16.68,16.68,16.68,16.68,400
ONB,2017-07-21,12:15:00,16.68,16.68,16.68,16.68,100
ONB,2017-07-21,12:16:00,16.68,16.68,16.68,16.68,400
ONB,2017-07-21,12:17:00,16.65,16.65,16.65,16.65,100
ONB,2017-07-21,12:19:00,16.68,16.68,16.68,16.68,300
ONB,2017-07-21,12:21:00,16.68,16.70,16.68,16.70,6600
ONB,2017-07-21,12:23:00,16.70,16.70,16.70,16.70,100
ONB,2017-07-21,12:24:00,16.70,16.70,16.68,16.68,200
ONB,2017-07-21,12:26:00,16.70,16.70,16.68,16.68,200
ONB,2017-07-21,12:27:00,16.70,16.70,16.70,16.70,200
ONB,2017-07-21,12:28:00,16.68,16.68,16.68,16.68,100
ONB,2017-07-21,12:29:00,16.70,16.70,16.68,16.70,900
ONB,2017-07-21,12:30:00,16.70,16.70,16.70,16.70,100
ONB,2017-07-21,12:31:00,16.70,16.70,16.70,16.70,100
ONB,2017-07-21,12:32:00,16.68,16.68,16.68,16.68,300
ONB,2017-07-21,12:33:00,16.68,16.68,16.68,16.68,1500
ONB,2017-07-21,12:34:00,16.68,16.68,16.68,16.68,100
ONB,2017-07-21,12:35:00,16.70,16.70,16.70,16.70,144
ONB,2017-07-21,12:36:00,16.70,16.70,16.70,16.70,100
ONB,2017-07-21,12:37:00,16.67,16.70,16.67,16.70,500
ONB,2017-07-21,12:39:00,16.70,16.70,16.68,16.68,456
ONB,2017-07-21,12:40:00,16.70,16.70,16.68,16.68,1100
ONB,2017-07-21,12:42:00,16.68,16.73,16.68,16.70,20033
ONB,2017-07-21,12:43:00,16.70,16.70,16.70,16.70,100
ONB,2017-07-21,12:47:00,16.70,16.73,16.70,16.73,4351
ONB,2017-07-21,12:49:00,16.73,16.73,16.73,16.73,200
ONB,2017-07-21,12:51:00,16.75,16.75,16.75,16.75,100
ONB,2017-07-21,12:52:00,16.73,16.73,16.73,16.73,200
ONB,2017-07-21,12:54:00,16.70,16.73,16.66,16.66,15152
ONB,2017-07-21,12:56:00,16.68,16.68,16.65,16.68,11200
ONB,2017-07-21,12:57:00,16.68,16.68,16.68,16.68,200
ONB,2017-07-21,12:58:00,16.70,16.70,16.68,16.68,800
ONB,2017-07-21,12:59:00,16.68,16.68,16.68,16.68,100
ONB,2017-07-21,13:00:00,16.68,16.68,16.68,16.68,700
ONB,2017-07-21,13:01:00,16.68,16.68,16.68,16.68,900
ONB,2017-07-21,13:02:00,16.65,16.68,16.65,16.65,11601
ONB,2017-07-21,13:03:00,16.65,16.68,16.65,16.68,700
ONB,2017-07-21,13:06:00,16.68,16.68,16.65,16.65,500
ONB,2017-07-21,13:08:00,16.68,16.68,16.65,16.65,500
ONB,2017-07-21,13:09:00,16.68,16.68,16.68,16.68,100
ONB,2017-07-21,13:11:00,16.68,16.68,16.68,16.68,700
ONB,2017-07-21,13:12:00,16.68,16.68,16.65,16.65,5100
ONB,2017-07-21,13:14:00,16.68,16.68,16.68,16.68,100
ONB,2017-07-21,13:15:00,16.65,16.65,16.60,16.62,13609
ONB,2017-07-21,13:16:00,16.62,16.62,16.62,16.62,100
ONB,2017-07-21,13:18:00,16.65,16.65,16.65,16.65,100
ONB,2017-07-21,13:19:00,16.62,16.62,16.62,16.62,300
ONB,2017-07-21,13:22:00,16.62,16.62,16.62,16.62,200
ONB,2017-07-21,13:25:00,16.62,16.62,16.62,16.62,600
ONB,2017-07-21,13:26:00,16.62,16.62,16.60,16.62,900
ONB,2017-07-21,13:28:00,16.62,16.62,16.55,16.60,26452
ONB,2017-07-21,13:29:00,16.57,16.60,16.57,16.60,9940
ONB,2017-07-21,13:30:00,16.57,16.60,16.57,16.60,7372
ONB,2017-07-21,13:31:00,16.60,16.60,16.60,16.60,6800
ONB,2017-07-21,13:32:00,16.60,16.60,16.57,16.60,7300
ONB,2017-07-21,13:33:00,16.60,16.60,16.57,16.60,2000
ONB,2017-07-21,13:34:00,16.60,16.60,16.55,16.55,19636
ONB,2017-07-21,13:35:00,16.55,16.57,16.50,16.57,5500
ONB,2017-07-21,13:38:00,16.57,16.57,16.57,16.57,100
ONB,2017-07-21,13:39:00,16.57,16.57,16.57,16.57,800
ONB,2017-07-21,13:41:00,16.60,16.60,16.60,16.60,14790
ONB,2017-07-21,13:42:00,16.60,16.60,16.60,16.60,2500
ONB,2017-07-21,13:43:00,16.60,16.60,16.60,16.60,3200
ONB,2017-07-21,13:44:00,16.60,16.60,16.60,16.60,9300
ONB,2017-07-21,13:45:00,16.60,16.60,16.60,16.60,6100
ONB,2017-07-21,13:46:00,16.60,16.60,16.57,16.57,2300
ONB,2017-07-21,13:47:00,16.60,16.60,16.60,16.60,3800
ONB,2017-07-21,13:48:00,16.60,16.60,16.57,16.60,2200
ONB,2017-07-21,13:49:00,16.60,16.60,16.55,16.57,9468
ONB,2017-07-21,13:51:00,16.57,16.57,16.57,16.57,400
ONB,2017-07-21,13:54:00,16.57,16.57,16.57,16.57,100
ONB,2017-07-21,13:55:00,16.57,16.57,16.55,16.55,700
ONB,2017-07-21,13:56:00,16.57,16.57,16.57,16.57,100
ONB,2017-07-21,13:57:00,16.59,16.59,16.59,16.59,395
ONB,2017-07-21,13:58:00,16.57,16.57,16.57,16.57,300
ONB,2017-07-21,14:00:00,16.57,16.57,16.57,16.57,200
ONB,2017-07-21,14:01:00,16.57,16.60,16.57,16.60,700
ONB,2017-07-21,14:02:00,16.57,16.57,16.57,16.57,200
ONB,2017-07-21,14:03:00,16.57,16.60,16.57,16.60,600
ONB,2017-07-21,14:04:00,16.57,16.57,16.57,16.57,500
ONB,2017-07-21,14:05:00,16.57,16.57,16.55,16.55,400
ONB,2017-07-21,14:06:00,16.57,16.57,16.57,16.57,300
ONB,2017-07-21,14:07:00,16.55,16.57,16.55,16.55,300
ONB,2017-07-21,14:08:00,16.57,16.57,16.55,16.55,600
ONB,2017-07-21,14:09:00,16.57,16.57,16.55,16.55,300
ONB,2017-07-21,14:10:00,16.57,16.57,16.57,16.57,100
ONB,2017-07-21,14:11:00,16.57,16.57,16.55,16.57,500
ONB,2017-07-21,14:12:00,16.55,16.57,16.55,16.57,5934
ONB,2017-07-21,14:13:00,16.57,16.57,16.55,16.55,200
ONB,2017-07-21,14:14:00,16.57,16.57,16.57,16.57,865
ONB,2017-07-21,14:16:00,16.57,16.57,16.55,16.55,300
ONB,2017-07-21,14:17:00,16.57,16.58,16.57,16.58,557
ONB,2017-07-21,14:18:00,16.55,16.55,16.55,16.55,100
ONB,2017-07-21,14:20:00,16.57,16.57,16.57,16.57,1600
ONB,2017-07-21,14:21:00,16.57,16.57,16.57,16.57,500
ONB,2017-07-21,14:22:00,16.55,16.57,16.55,16.55,426
ONB,2017-07-21,14:23:00,16.57,16.57,16.57,16.57,200
ONB,2017-07-21,14:24:00,16.55,16.55,16.55,16.55,100
ONB,2017-07-21,14:25:00,16.57,16.57,16.57,16.57,500
ONB,2017-07-21,14:26:00,16.55,16.57,16.55,16.55,400
ONB,2017-07-21,14:28:00,16.58,16.58,16.55,16.55,402
ONB,2017-07-21,14:29:00,16.55,16.57,16.55,16.57,1100
ONB,2017-07-21,14:30:00,16.57,16.57,16.55,16.55,500
ONB,2017-07-21,14:31:00,16.57,16.57,16.57,16.57,100
ONB,2017-07-21,14:32:00,16.57,16.57,16.55,16.55,500
ONB,2017-07-21,14:33:00,16.57,16.57,16.57,16.57,100
ONB,2017-07-21,14:34:00,16.57,16.57,16.57,16.57,200
ONB,2017-07-21,14:35:00,16.58,16.58,16.57,16.57,311
ONB,2017-07-21,14:36:00,16.57,16.60,16.55,16.57,3281
ONB,2017-07-21,14:37:00,16.55,16.57,16.55,16.55,7992
ONB,2017-07-21,14:38:00,16.55,16.55,16.52,16.52,8554
ONB,2017-07-21,14:39:00,16.52,16.55,16.52,16.52,1200
ONB,2017-07-21,14:40:00,16.55,16.55,16.52,16.55,500
ONB,2017-07-21,14:41:00,16.55,16.55,16.55,16.55,200
ONB,2017-07-21,14:42:00,16.50,16.55,16.50,16.52,2583
ONB,2017-07-21,14:43:00,16.55,16.55,16.52,16.52,300
ONB,2017-07-21,14:44:00,16.55,16.57,16.52,16.55,8105
ONB,2017-07-21,14:45:00,16.55,16.55,16.55,16.55,300
ONB,2017-07-21,14:47:00,16.55,16.60,16.55,16.57,6100
ONB,2017-07-21,14:48:00,16.57,16.57,16.57,16.57,1102
ONB,2017-07-21,14:49:00,16.57,16.57,16.57,16.57,100
ONB,2017-07-21,14:50:00,16.55,16.57,16.55,16.55,8142
ONB,2017-07-21,14:51:00,16.55,16.57,16.55,16.57,300
ONB,2017-07-21,14:52:00,16.57,16.57,16.55,16.55,431
ONB,2017-07-21,14:53:00,16.57,16.57,16.55,16.57,300
ONB,2017-07-21,14:54:00,16.55,16.57,16.55,16.57,200
ONB,2017-07-21,14:55:00,16.57,16.57,16.57,16.57,400
ONB,2017-07-21,14:56:00,16.55,16.57,16.55,16.57,2200
ONB,2017-07-21,14:57:00,16.57,16.57,16.55,16.57,400
ONB,2017-07-21,14:58:00,16.57,16.57,16.57,16.57,300
ONB,2017-07-21,14:59:00,16.57,16.57,16.57,16.57,100
ONB,2017-07-21,15:00:00,16.57,16.57,16.57,16.57,400
ONB,2017-07-21,15:01:00,16.57,16.57,16.55,16.55,300
ONB,2017-07-21,15:02:00,16.60,16.60,16.57,16.60,400
ONB,2017-07-21,15:03:00,16.57,16.57,16.52,16.55,18735
ONB,2017-07-21,15:04:00,16.55,16.55,16.52,16.52,1700
ONB,2017-07-21,15:05:00,16.55,16.55,16.55,16.55,100
ONB,2017-07-21,15:06:00,16.55,16.55,16.55,16.55,100
ONB,2017-07-21,15:07:00,16.55,16.55,16.52,16.52,600
ONB,2017-07-21,15:08:00,16.55,16.55,16.55,16.55,300
ONB,2017-07-21,15:09:00,16.52,16.55,16.52,16.52,900
ONB,2017-07-21,15:10:00,16.52,16.52,16.52,16.52,100
ONB,2017-07-21,15:11:00,16.52,16.55,16.52,16.55,1800
ONB,2017-07-21,15:12:00,16.52,16.52,16.52,16.52,100
ONB,2017-07-21,15:13:00,16.55,16.55,16.55,16.55,300
ONB,2017-07-21,15:14:00,16.52,16.55,16.52,16.52,300
ONB,2017-07-21,15:15:00,16.55,16.55,16.55,16.55,745
ONB,2017-07-21,15:16:00,16.55,16.55,16.55,16.55,400
ONB,2017-07-21,15:17:00,16.55,16.55,16.55,16.55,100
ONB,2017-07-21,15:18:00,16.55,16.55,16.52,16.52,800
ONB,2017-07-21,15:19:00,16.55,16.55,16.55,16.55,300
ONB,2017-07-21,15:20:00,16.55,16.55,16.52,16.55,500
ONB,2017-07-21,15:21:00,16.55,16.55,16.52,16.52,2500
ONB,2017-07-21,15:22:00,16.52,16.55,16.52,16.55,800
ONB,2017-07-21,15:23:00,16.55,16.55,16.55,16.55,405
ONB,2017-07-21,15:24:00,16.55,16.55,16.55,16.55,600
ONB,2017-07-21,15:25:00,16.55,16.55,16.55,16.55,200
ONB,2017-07-21,15:26:00,16.52,16.52,16.52,16.52,1000
ONB,2017-07-21,15:27:00,16.52,16.55,16.50,16.55,22612
ONB,2017-07-21,15:28:00,16.52,16.55,16.50,16.52,6400
ONB,2017-07-21,15:30:00,16.52,16.52,16.52,16.52,1000
ONB,2017-07-21,15:31:00,16.55,16.55,16.55,16.55,100
ONB,2017-07-21,15:32:00,16.55,16.55,16.55,16.55,523
ONB,2017-07-21,15:33:00,16.55,16.55,16.55,16.55,200
ONB,2017-07-21,15:34:00,16.55,16.55,16.52,16.52,200
ONB,2017-07-21,15:35:00,16.55,16.60,16.55,16.57,26295
ONB,2017-07-21,15:36:00,16.57,16.60,16.57,16.57,400
ONB,2017-07-21,15:37:00,16.57,16.60,16.57,16.57,300
ONB,2017-07-21,15:38:00,16.60,16.60,16.58,16.60,453
ONB,2017-07-21,15:39:00,16.60,16.60,16.60,16.60,100
ONB,2017-07-21,15:40:00,16.57,16.57,16.57,16.57,200
ONB,2017-07-21,15:41:00,16.60,16.60,16.57,16.57,1900
ONB,2017-07-21,15:42:00,16.60,16.60,16.60,16.60,297
ONB,2017-07-21,15:43:00,16.60,16.60,16.60,16.60,200
ONB,2017-07-21,15:44:00,16.60,16.60,16.57,16.57,1400
ONB,2017-07-21,15:45:00,16.60,16.60,16.57,16.60,1100
ONB,2017-07-21,15:46:00,16.60,16.60,16.57,16.60,800
ONB,2017-07-21,15:47:00,16.60,16.60,16.57,16.57,1100
ONB,2017-07-21,15:48:00,16.60,16.60,16.57,16.60,1250
ONB,2017-07-21,15:49:00,16.60,16.60,16.57,16.60,400
ONB,2017-07-21,15:50:00,16.60,16.60,16.57,16.57,1500
ONB,2017-07-21,15:51:00,16.60,16.65,16.57,16.57,34549
ONB,2017-07-21,15:52:00,16.60,16.60,16.57,16.57,200
ONB,2017-07-21,15:53:00,16.60,16.60,16.57,16.57,1000
ONB,2017-07-21,15:54:00,16.57,16.60,16.57,16.60,900
ONB,2017-07-21,15:55:00,16.60,16.60,16.57,16.60,10300
ONB,2017-07-21,15:56:00,16.57,16.60,16.57,16.57,3450
ONB,2017-07-21,15:57:00,16.60,16.62,16.57,16.60,33704
ONB,2017-07-21,15:58:00,16.62,16.62,16.60,16.62,5900
ONB,2017-07-21,15:59:00,16.60,16.62,16.60,16.62,5707
ONB,2017-07-21,16:00:00,16.62,16.65,16.55,16.60,65535
