RUN,2017-07-18,09:30:00,7.00,7.00,7.00,7.00,6928
RUN,2017-07-18,09:31:00,6.95,6.96,6.95,6.96,850
RUN,2017-07-18,09:32:00,7.07,7.07,7.07,7.07,1000
RUN,2017-07-18,09:33:00,7.05,7.05,7.02,7.02,5744
RUN,2017-07-18,09:34:00,7.00,7.00,6.99,6.99,200
RUN,2017-07-18,09:37:00,7.03,7.05,7.03,7.03,2800
RUN,2017-07-18,09:38:00,7.03,7.06,7.03,7.06,1000
RUN,2017-07-18,09:39:00,7.07,7.07,7.05,7.06,2900
RUN,2017-07-18,09:40:00,7.06,7.06,7.04,7.05,3300
RUN,2017-07-18,09:41:00,7.06,7.08,7.06,7.08,2600
RUN,2017-07-18,09:42:00,7.08,7.08,7.08,7.08,3200
RUN,2017-07-18,09:44:00,7.07,7.09,7.07,7.08,8619
RUN,2017-07-18,09:45:00,7.09,7.09,7.08,7.09,3041
RUN,2017-07-18,09:46:00,7.09,7.10,7.08,7.10,6799
RUN,2017-07-18,09:47:00,7.11,7.15,7.11,7.12,20900
RUN,2017-07-18,09:48:00,7.13,7.14,7.13,7.14,500
RUN,2017-07-18,09:49:00,7.13,7.13,7.12,7.12,500
RUN,2017-07-18,09:50:00,7.12,7.12,7.12,7.12,400
RUN,2017-07-18,09:51:00,7.11,7.12,7.11,7.11,1400
RUN,2017-07-18,09:52:00,7.12,7.14,7.12,7.14,2604
RUN,2017-07-18,09:53:00,7.14,7.14,7.14,7.14,9242
RUN,2017-07-18,09:54:00,7.14,7.14,7.14,7.14,2100
RUN,2017-07-18,09:55:00,7.14,7.19,7.14,7.19,28080
RUN,2017-07-18,09:56:00,7.18,7.18,7.14,7.14,8873
RUN,2017-07-18,09:57:00,7.15,7.16,7.15,7.16,3164
RUN,2017-07-18,09:58:00,7.16,7.16,7.16,7.16,245
RUN,2017-07-18,10:00:00,7.17,7.17,7.16,7.16,2200
RUN,2017-07-18,10:01:00,7.17,7.17,7.16,7.16,2700
RUN,2017-07-18,10:02:00,7.16,7.16,7.14,7.14,3500
RUN,2017-07-18,10:03:00,7.15,7.15,7.14,7.14,4800
RUN,2017-07-18,10:04:00,7.14,7.14,7.14,7.14,200
RUN,2017-07-18,10:05:00,7.15,7.15,7.15,7.15,100
RUN,2017-07-18,10:07:00,7.15,7.17,7.15,7.17,5786
RUN,2017-07-18,10:08:00,7.17,7.19,7.17,7.18,11393
RUN,2017-07-18,10:09:00,7.18,7.19,7.18,7.18,1100
RUN,2017-07-18,10:10:00,7.19,7.19,7.18,7.18,2100
RUN,2017-07-18,10:11:00,7.18,7.19,7.17,7.18,7400
RUN,2017-07-18,10:12:00,7.18,7.18,7.17,7.17,780
RUN,2017-07-18,10:13:00,7.17,7.17,7.15,7.16,5999
RUN,2017-07-18,10:14:00,7.16,7.17,7.16,7.16,1900
RUN,2017-07-18,10:15:00,7.17,7.17,7.17,7.17,100
RUN,2017-07-18,10:16:00,7.17,7.19,7.17,7.19,1808
RUN,2017-07-18,10:17:00,7.19,7.19,7.19,7.19,100
RUN,2017-07-18,10:18:00,7.19,7.20,7.19,7.20,5053
RUN,2017-07-18,10:19:00,7.20,7.20,7.20,7.20,100
RUN,2017-07-18,10:20:00,7.19,7.19,7.17,7.18,4150
RUN,2017-07-18,10:21:00,7.17,7.17,7.17,7.17,500
RUN,2017-07-18,10:22:00,7.17,7.17,7.17,7.17,200
RUN,2017-07-18,10:24:00,7.17,7.19,7.17,7.18,2541
RUN,2017-07-18,10:25:00,7.18,7.18,7.18,7.18,4100
RUN,2017-07-18,10:26:00,7.17,7.17,7.17,7.17,1100
RUN,2017-07-18,10:27:00,7.17,7.18,7.17,7.17,3300
RUN,2017-07-18,10:28:00,7.16,7.16,7.16,7.16,100
RUN,2017-07-18,10:29:00,7.17,7.17,7.17,7.17,200
RUN,2017-07-18,10:30:00,7.17,7.17,7.17,7.17,200
RUN,2017-07-18,10:31:00,7.17,7.17,7.16,7.16,2914
RUN,2017-07-18,10:32:00,7.16,7.16,7.14,7.14,1404
RUN,2017-07-18,10:33:00,7.14,7.14,7.13,7.14,2680
RUN,2017-07-18,10:34:00,7.13,7.13,7.13,7.13,600
RUN,2017-07-18,10:35:00,7.13,7.13,7.13,7.13,1300
RUN,2017-07-18,10:36:00,7.13,7.13,7.12,7.12,3200
RUN,2017-07-18,10:37:00,7.12,7.13,7.12,7.12,2200
RUN,2017-07-18,10:38:00,7.13,7.13,7.13,7.13,500
RUN,2017-07-18,10:39:00,7.13,7.14,7.13,7.14,200
RUN,2017-07-18,10:40:00,7.13,7.13,7.11,7.11,3839
RUN,2017-07-18,10:42:00,7.11,7.11,7.11,7.11,8220
RUN,2017-07-18,10:43:00,7.10,7.10,7.09,7.09,1296
RUN,2017-07-18,10:44:00,7.09,7.09,7.07,7.08,10800
RUN,2017-07-18,10:45:00,7.08,7.08,7.06,7.06,4900
RUN,2017-07-18,10:46:00,7.07,7.07,7.05,7.05,11465
RUN,2017-07-18,10:47:00,7.06,7.07,7.05,7.05,6905
RUN,2017-07-18,10:48:00,7.05,7.05,7.05,7.05,600
RUN,2017-07-18,10:49:00,7.04,7.05,7.04,7.05,600
RUN,2017-07-18,10:50:00,7.04,7.05,7.04,7.05,7130
RUN,2017-07-18,10:52:00,7.06,7.06,7.05,7.06,300
RUN,2017-07-18,10:53:00,7.06,7.06,7.06,7.06,1809
RUN,2017-07-18,10:54:00,7.06,7.07,7.05,7.07,4100
RUN,2017-07-18,10:55:00,7.06,7.07,7.06,7.07,600
RUN,2017-07-18,10:56:00,7.06,7.06,7.05,7.05,7594
RUN,2017-07-18,10:58:00,7.06,7.06,7.06,7.06,322
RUN,2017-07-18,10:59:00,7.06,7.06,7.06,7.06,900
RUN,2017-07-18,11:00:00,7.06,7.06,7.06,7.06,1693
RUN,2017-07-18,11:01:00,7.06,7.06,7.05,7.05,4400
RUN,2017-07-18,11:03:00,7.05,7.05,7.05,7.05,300
RUN,2017-07-18,11:04:00,7.06,7.06,7.05,7.06,3602
RUN,2017-07-18,11:05:00,7.05,7.05,7.05,7.05,100
RUN,2017-07-18,11:06:00,7.05,7.06,7.05,7.06,300
RUN,2017-07-18,11:07:00,7.05,7.05,7.05,7.05,200
RUN,2017-07-18,11:08:00,7.05,7.05,7.05,7.05,100
RUN,2017-07-18,11:09:00,7.05,7.06,7.05,7.06,242
RUN,2017-07-18,11:10:00,7.06,7.06,7.06,7.06,100
RUN,2017-07-18,11:11:00,7.06,7.06,7.05,7.05,200
RUN,2017-07-18,11:12:00,7.06,7.06,7.06,7.06,100
RUN,2017-07-18,11:13:00,7.06,7.06,7.06,7.06,200
RUN,2017-07-18,11:14:00,7.06,7.06,7.05,7.06,2300
RUN,2017-07-18,11:15:00,7.05,7.05,7.05,7.05,300
RUN,2017-07-18,11:17:00,7.06,7.06,7.05,7.05,500
RUN,2017-07-18,11:18:00,7.06,7.06,7.05,7.05,600
RUN,2017-07-18,11:19:00,7.06,7.06,7.05,7.05,400
RUN,2017-07-18,11:20:00,7.05,7.05,7.05,7.05,200
RUN,2017-07-18,11:21:00,7.05,7.06,7.05,7.06,1200
RUN,2017-07-18,11:22:00,7.06,7.06,7.06,7.06,300
RUN,2017-07-18,11:23:00,7.06,7.07,7.05,7.07,6657
RUN,2017-07-18,11:25:00,7.06,7.06,7.03,7.03,7596
RUN,2017-07-18,11:26:00,7.03,7.03,7.03,7.03,600
RUN,2017-07-18,11:27:00,7.02,7.03,7.02,7.03,3700
RUN,2017-07-18,11:28:00,7.03,7.03,7.01,7.01,3500
RUN,2017-07-18,11:29:00,7.01,7.01,7.01,7.01,6500
RUN,2017-07-18,11:33:00,7.02,7.03,7.01,7.02,13043
RUN,2017-07-18,11:34:00,7.01,7.01,7.01,7.01,200
RUN,2017-07-18,11:36:00,7.02,7.02,7.02,7.02,100
RUN,2017-07-18,11:37:00,7.01,7.01,7.01,7.01,360
RUN,2017-07-18,11:38:00,7.02,7.02,7.02,7.02,300
RUN,2017-07-18,11:39:00,7.02,7.02,7.01,7.02,400
RUN,2017-07-18,11:40:00,7.02,7.02,7.02,7.02,100
RUN,2017-07-18,11:41:00,7.02,7.02,7.02,7.02,200
RUN,2017-07-18,11:42:00,7.02,7.02,7.02,7.02,312
RUN,2017-07-18,11:43:00,7.02,7.03,7.01,7.03,12450
RUN,2017-07-18,11:44:00,7.03,7.03,7.02,7.03,600
RUN,2017-07-18,11:45:00,7.03,7.03,7.03,7.03,100
RUN,2017-07-18,11:46:00,7.03,7.03,7.03,7.03,100
RUN,2017-07-18,11:48:00,7.03,7.03,7.01,7.01,4440
RUN,2017-07-18,11:49:00,7.00,7.01,6.99,7.00,14249
RUN,2017-07-18,11:50:00,7.00,7.00,7.00,7.00,873
RUN,2017-07-18,11:51:00,7.00,7.00,6.99,7.00,5400
RUN,2017-07-18,11:53:00,7.00,7.00,6.99,6.99,2250
RUN,2017-07-18,11:54:00,6.99,7.00,6.95,6.95,28608
RUN,2017-07-18,11:55:00,6.95,6.95,6.95,6.95,500
RUN,2017-07-18,11:56:00,6.96,6.97,6.95,6.95,19867
RUN,2017-07-18,11:57:00,6.96,6.96,6.95,6.95,8090
RUN,2017-07-18,11:58:00,6.96,6.96,6.95,6.96,1200
RUN,2017-07-18,11:59:00,6.96,6.96,6.96,6.96,2700
RUN,2017-07-18,12:00:00,6.96,6.96,6.96,6.96,200
RUN,2017-07-18,12:01:00,6.96,6.96,6.96,6.96,800
RUN,2017-07-18,12:03:00,6.95,6.96,6.95,6.96,1122
RUN,2017-07-18,12:04:00,6.96,6.97,6.96,6.96,19510
RUN,2017-07-18,12:05:00,6.96,6.96,6.95,6.95,600
RUN,2017-07-18,12:06:00,6.95,6.96,6.95,6.96,2500
RUN,2017-07-18,12:07:00,6.96,6.96,6.96,6.96,200
RUN,2017-07-18,12:08:00,6.95,6.95,6.91,6.92,31276
RUN,2017-07-18,12:09:00,6.91,6.91,6.89,6.91,33044
RUN,2017-07-18,12:10:00,6.91,6.91,6.90,6.90,1200
RUN,2017-07-18,12:11:00,6.91,6.92,6.90,6.92,14183
RUN,2017-07-18,12:12:00,6.92,6.92,6.92,6.92,19880
RUN,2017-07-18,12:13:00,6.92,6.92,6.92,6.92,1276
RUN,2017-07-18,12:14:00,6.92,6.92,6.92,6.92,1260
RUN,2017-07-18,12:15:00,6.92,6.92,6.92,6.92,6489
RUN,2017-07-18,12:16:00,6.92,6.93,6.92,6.93,12554
RUN,2017-07-18,12:17:00,6.94,6.94,6.93,6.93,515
RUN,2017-07-18,12:18:00,6.94,6.94,6.94,6.94,667
RUN,2017-07-18,12:19:00,6.94,6.94,6.94,6.94,400
RUN,2017-07-18,12:20:00,6.93,6.95,6.93,6.95,3423
RUN,2017-07-18,12:21:00,6.95,6.96,6.95,6.96,3575
RUN,2017-07-18,12:22:00,6.96,6.97,6.96,6.97,3364
RUN,2017-07-18,12:23:00,6.98,6.99,6.98,6.99,2372
RUN,2017-07-18,12:24:00,6.99,6.99,6.99,6.99,2000
RUN,2017-07-18,12:25:00,7.00,7.00,7.00,7.00,100
RUN,2017-07-18,12:26:00,7.00,7.01,6.99,6.99,5660
RUN,2017-07-18,12:27:00,7.00,7.00,7.00,7.00,566
RUN,2017-07-18,12:29:00,7.01,7.01,7.01,7.01,600
RUN,2017-07-18,12:30:00,7.01,7.05,7.01,7.05,25412
RUN,2017-07-18,12:31:00,7.04,7.04,7.03,7.03,6200
RUN,2017-07-18,12:32:00,7.03,7.03,7.03,7.03,200
RUN,2017-07-18,12:34:00,7.04,7.04,7.04,7.04,300
RUN,2017-07-18,12:35:00,7.04,7.04,7.02,7.02,3090
RUN,2017-07-18,12:36:00,7.03,7.04,7.03,7.04,300
RUN,2017-07-18,12:37:00,7.04,7.04,7.03,7.03,10000
RUN,2017-07-18,12:40:00,7.03,7.03,7.03,7.03,2859
RUN,2017-07-18,12:43:00,7.03,7.03,7.03,7.03,500
RUN,2017-07-18,12:44:00,7.03,7.03,7.03,7.03,1989
RUN,2017-07-18,12:45:00,7.03,7.03,7.03,7.03,900
RUN,2017-07-18,12:46:00,7.03,7.03,7.03,7.03,3400
RUN,2017-07-18,12:47:00,7.02,7.03,7.02,7.03,1207
RUN,2017-07-18,12:48:00,7.03,7.03,7.03,7.03,100
RUN,2017-07-18,12:49:00,7.03,7.03,7.03,7.03,100
RUN,2017-07-18,12:51:00,7.03,7.03,7.03,7.03,100
RUN,2017-07-18,12:52:00,7.03,7.03,7.03,7.03,1100
RUN,2017-07-18,12:54:00,7.03,7.03,7.03,7.03,200
RUN,2017-07-18,12:56:00,7.03,7.03,7.03,7.03,550
RUN,2017-07-18,12:58:00,7.02,7.03,7.01,7.02,5406
RUN,2017-07-18,13:00:00,7.01,7.01,7.01,7.01,200
RUN,2017-07-18,13:01:00,7.01,7.01,7.01,7.01,200
RUN,2017-07-18,13:03:00,7.01,7.01,7.00,7.00,2037
RUN,2017-07-18,13:04:00,7.01,7.02,7.01,7.02,6864
RUN,2017-07-18,13:06:00,7.01,7.01,7.01,7.01,500
RUN,2017-07-18,13:07:00,7.00,7.00,7.00,7.00,1000
RUN,2017-07-18,13:12:00,7.00,7.00,7.00,7.00,100
RUN,2017-07-18,13:13:00,7.00,7.00,7.00,7.00,1968
RUN,2017-07-18,13:15:00,7.01,7.01,7.01,7.01,100
RUN,2017-07-18,13:16:00,7.01,7.02,7.01,7.02,1100
RUN,2017-07-18,13:17:00,7.02,7.02,7.01,7.01,300
RUN,2017-07-18,13:19:00,7.02,7.02,7.02,7.02,700
RUN,2017-07-18,13:20:00,7.02,7.02,7.02,7.02,100
RUN,2017-07-18,13:21:00,7.02,7.02,7.02,7.02,100
RUN,2017-07-18,13:22:00,7.02,7.02,7.02,7.02,300
RUN,2017-07-18,13:24:00,7.02,7.02,7.02,7.02,200
RUN,2017-07-18,13:25:00,7.02,7.02,7.02,7.02,100
RUN,2017-07-18,13:26:00,7.02,7.02,7.02,7.02,200
RUN,2017-07-18,13:27:00,7.02,7.02,7.02,7.02,100
RUN,2017-07-18,13:28:00,7.02,7.02,7.02,7.02,1600
RUN,2017-07-18,13:29:00,7.02,7.02,7.02,7.02,4604
RUN,2017-07-18,13:30:00,7.02,7.02,7.01,7.01,200
RUN,2017-07-18,13:31:00,7.02,7.02,7.01,7.01,200
RUN,2017-07-18,13:33:00,7.02,7.02,7.02,7.02,500
RUN,2017-07-18,13:35:00,7.02,7.02,7.02,7.02,2100
RUN,2017-07-18,13:37:00,7.02,7.03,7.02,7.03,950
RUN,2017-07-18,13:38:00,7.03,7.03,7.03,7.03,100
RUN,2017-07-18,13:39:00,7.03,7.03,7.03,7.03,1547
RUN,2017-07-18,13:40:00,7.03,7.03,7.03,7.03,100
RUN,2017-07-18,13:42:00,7.03,7.04,7.03,7.03,5000
RUN,2017-07-18,13:43:00,7.03,7.03,7.03,7.03,800
RUN,2017-07-18,13:45:00,7.03,7.03,7.03,7.03,2222
RUN,2017-07-18,13:46:00,7.04,7.04,7.04,7.04,400
RUN,2017-07-18,13:47:00,7.03,7.04,7.03,7.04,200
RUN,2017-07-18,13:49:00,7.03,7.03,7.03,7.03,300
RUN,2017-07-18,13:51:00,7.03,7.04,7.03,7.04,300
RUN,2017-07-18,13:52:00,7.04,7.04,7.03,7.04,300
RUN,2017-07-18,13:53:00,7.03,7.04,7.03,7.03,5607
RUN,2017-07-18,13:54:00,7.03,7.03,7.03,7.03,450
RUN,2017-07-18,13:58:00,7.03,7.03,7.03,7.03,300
RUN,2017-07-18,14:00:00,7.03,7.04,7.03,7.03,800
RUN,2017-07-18,14:01:00,7.03,7.03,7.03,7.03,500
RUN,2017-07-18,14:02:00,7.03,7.03,7.03,7.03,1100
RUN,2017-07-18,14:03:00,7.03,7.04,7.03,7.04,1400
RUN,2017-07-18,14:06:00,7.04,7.04,7.04,7.04,500
RUN,2017-07-18,14:07:00,7.04,7.04,7.04,7.04,22114
RUN,2017-07-18,14:08:00,7.04,7.05,7.04,7.05,20016
RUN,2017-07-18,14:09:00,7.05,7.06,7.05,7.06,2451
RUN,2017-07-18,14:10:00,7.05,7.05,7.05,7.05,100
RUN,2017-07-18,14:11:00,7.05,7.05,7.05,7.05,100
RUN,2017-07-18,14:12:00,7.05,7.05,7.05,7.05,7976
RUN,2017-07-18,14:13:00,7.05,7.05,7.05,7.05,100
RUN,2017-07-18,14:16:00,7.06,7.06,7.06,7.06,2400
RUN,2017-07-18,14:19:00,7.07,7.08,7.07,7.08,5372
RUN,2017-07-18,14:20:00,7.09,7.09,7.09,7.09,300
RUN,2017-07-18,14:21:00,7.09,7.09,7.09,7.09,100
RUN,2017-07-18,14:23:00,7.09,7.09,7.09,7.09,2866
RUN,2017-07-18,14:24:00,7.09,7.10,7.08,7.08,10615
RUN,2017-07-18,14:26:00,7.07,7.08,7.06,7.07,5013
RUN,2017-07-18,14:27:00,7.06,7.06,7.06,7.06,700
RUN,2017-07-18,14:28:00,7.07,7.07,7.07,7.07,900
RUN,2017-07-18,14:30:00,7.08,7.08,7.08,7.08,1800
RUN,2017-07-18,14:31:00,7.08,7.08,7.08,7.08,800
RUN,2017-07-18,14:33:00,7.08,7.09,7.08,7.09,452
RUN,2017-07-18,14:34:00,7.08,7.08,7.08,7.08,100
RUN,2017-07-18,14:35:00,7.09,7.10,7.09,7.10,1240
RUN,2017-07-18,14:36:00,7.10,7.10,7.10,7.10,1100
RUN,2017-07-18,14:37:00,7.11,7.11,7.11,7.11,200
RUN,2017-07-18,14:38:00,7.11,7.11,7.11,7.11,400
RUN,2017-07-18,14:39:00,7.11,7.11,7.11,7.11,1100
RUN,2017-07-18,14:40:00,7.11,7.11,7.11,7.11,1500
RUN,2017-07-18,14:41:00,7.11,7.11,7.11,7.11,3611
RUN,2017-07-18,14:42:00,7.12,7.12,7.12,7.12,1043
RUN,2017-07-18,14:43:00,7.12,7.12,7.11,7.11,19901
RUN,2017-07-18,14:44:00,7.12,7.12,7.12,7.12,500
RUN,2017-07-18,14:45:00,7.13,7.13,7.11,7.11,1746
RUN,2017-07-18,14:46:00,7.12,7.12,7.12,7.12,2499
RUN,2017-07-18,14:47:00,7.12,7.12,7.09,7.10,9290
RUN,2017-07-18,14:48:00,7.10,7.10,7.10,7.10,200
RUN,2017-07-18,14:49:00,7.10,7.10,7.10,7.10,100
RUN,2017-07-18,14:50:00,7.10,7.11,7.10,7.10,855
RUN,2017-07-18,14:51:00,7.11,7.11,7.11,7.11,100
RUN,2017-07-18,14:52:00,7.10,7.10,7.10,7.10,100
RUN,2017-07-18,14:56:00,7.10,7.11,7.10,7.11,250
RUN,2017-07-18,14:58:00,7.11,7.11,7.11,7.11,100
RUN,2017-07-18,14:59:00,7.11,7.11,7.11,7.11,200
RUN,2017-07-18,15:00:00,7.11,7.11,7.11,7.11,300
RUN,2017-07-18,15:01:00,7.11,7.12,7.11,7.11,2900
RUN,2017-07-18,15:03:00,7.11,7.11,7.11,7.11,1200
RUN,2017-07-18,15:04:00,7.11,7.11,7.11,7.11,800
RUN,2017-07-18,15:05:00,7.12,7.12,7.12,7.12,3105
RUN,2017-07-18,15:10:00,7.12,7.12,7.12,7.12,100
RUN,2017-07-18,15:11:00,7.13,7.13,7.13,7.13,3395
RUN,2017-07-18,15:12:00,7.13,7.13,7.13,7.13,200
RUN,2017-07-18,15:13:00,7.13,7.13,7.13,7.13,2149
RUN,2017-07-18,15:14:00,7.12,7.13,7.12,7.13,400
RUN,2017-07-18,15:17:00,7.13,7.13,7.13,7.13,800
RUN,2017-07-18,15:19:00,7.14,7.14,7.14,7.14,100
RUN,2017-07-18,15:21:00,7.14,7.14,7.14,7.14,200
RUN,2017-07-18,15:22:00,7.13,7.14,7.13,7.14,10953
RUN,2017-07-18,15:23:00,7.14,7.14,7.14,7.14,600
RUN,2017-07-18,15:24:00,7.14,7.14,7.14,7.14,4063
RUN,2017-07-18,15:25:00,7.14,7.14,7.13,7.14,3100
RUN,2017-07-18,15:26:00,7.15,7.16,7.15,7.16,3558
RUN,2017-07-18,15:27:00,7.16,7.16,7.16,7.16,2800
RUN,2017-07-18,15:28:00,7.16,7.16,7.16,7.16,4484
RUN,2017-07-18,15:29:00,7.17,7.17,7.17,7.17,1199
RUN,2017-07-18,15:30:00,7.17,7.17,7.15,7.15,5800
RUN,2017-07-18,15:31:00,7.15,7.15,7.14,7.15,2000
RUN,2017-07-18,15:32:00,7.15,7.15,7.15,7.15,100
RUN,2017-07-18,15:33:00,7.14,7.14,7.11,7.12,6180
RUN,2017-07-18,15:34:00,7.12,7.13,7.12,7.13,1900
RUN,2017-07-18,15:35:00,7.14,7.14,7.14,7.14,200
RUN,2017-07-18,15:36:00,7.13,7.13,7.13,7.13,200
RUN,2017-07-18,15:37:00,7.14,7.14,7.13,7.13,300
RUN,2017-07-18,15:38:00,7.13,7.13,7.13,7.13,300
RUN,2017-07-18,15:39:00,7.13,7.13,7.13,7.13,100
RUN,2017-07-18,15:40:00,7.13,7.13,7.13,7.13,400
RUN,2017-07-18,15:41:00,7.13,7.13,7.13,7.13,400
RUN,2017-07-18,15:42:00,7.14,7.14,7.13,7.14,1137
RUN,2017-07-18,15:43:00,7.13,7.14,7.13,7.14,700
RUN,2017-07-18,15:44:00,7.14,7.14,7.12,7.12,4673
RUN,2017-07-18,15:45:00,7.12,7.12,7.12,7.12,7053
RUN,2017-07-18,15:46:00,7.12,7.12,7.12,7.12,1600
RUN,2017-07-18,15:47:00,7.12,7.12,7.12,7.12,1780
RUN,2017-07-18,15:48:00,7.12,7.12,7.12,7.12,500
RUN,2017-07-18,15:49:00,7.11,7.11,7.11,7.11,300
RUN,2017-07-18,15:50:00,7.12,7.13,7.11,7.13,6400
RUN,2017-07-18,15:51:00,7.12,7.13,7.12,7.13,3614
RUN,2017-07-18,15:52:00,7.13,7.13,7.13,7.13,1100
RUN,2017-07-18,15:53:00,7.13,7.13,7.13,7.13,1100
RUN,2017-07-18,15:54:00,7.13,7.13,7.12,7.13,1100
RUN,2017-07-18,15:55:00,7.13,7.13,7.12,7.13,1800
RUN,2017-07-18,15:56:00,7.12,7.13,7.12,7.13,2706
RUN,2017-07-18,15:57:00,7.12,7.13,7.12,7.12,2850
RUN,2017-07-18,15:58:00,7.12,7.13,7.12,7.12,3083
RUN,2017-07-18,15:59:00,7.13,7.13,7.12,7.12,4525
RUN,2017-07-18,16:00:00,7.13,7.14,7.12,7.14,69646
RUN,2017-07-19,09:30:00,7.14,7.14,7.14,7.14,4619
RUN,2017-07-19,09:31:00,7.15,7.19,7.15,7.18,1890
RUN,2017-07-19,09:32:00,7.19,7.24,7.19,7.24,14791
RUN,2017-07-19,09:34:00,7.20,7.20,7.17,7.17,400
RUN,2017-07-19,09:35:00,7.18,7.20,7.18,7.20,2100
RUN,2017-07-19,09:37:00,7.21,7.25,7.21,7.23,7706
RUN,2017-07-19,09:38:00,7.23,7.23,7.19,7.19,8718
RUN,2017-07-19,09:39:00,7.21,7.21,7.21,7.21,5300
RUN,2017-07-19,09:40:00,7.20,7.20,7.17,7.17,2079
RUN,2017-07-19,09:41:00,7.18,7.18,7.18,7.18,1700
RUN,2017-07-19,09:43:00,7.18,7.19,7.18,7.18,600
RUN,2017-07-19,09:44:00,7.18,7.18,7.17,7.18,1100
RUN,2017-07-19,09:45:00,7.18,7.18,7.18,7.18,400
RUN,2017-07-19,09:46:00,7.17,7.17,7.17,7.17,200
RUN,2017-07-19,09:47:00,7.16,7.16,7.16,7.16,200
RUN,2017-07-19,09:48:00,7.15,7.15,7.15,7.15,1700
RUN,2017-07-19,09:49:00,7.14,7.15,7.13,7.15,2800
RUN,2017-07-19,09:50:00,7.15,7.17,7.15,7.17,3000
RUN,2017-07-19,09:51:00,7.17,7.18,7.17,7.18,1300
RUN,2017-07-19,09:52:00,7.19,7.19,7.19,7.19,100
RUN,2017-07-19,09:53:00,7.18,7.18,7.18,7.18,200
RUN,2017-07-19,09:55:00,7.18,7.19,7.18,7.19,200
RUN,2017-07-19,09:56:00,7.19,7.21,7.19,7.21,1200
RUN,2017-07-19,09:57:00,7.21,7.21,7.19,7.19,3943
RUN,2017-07-19,09:58:00,7.19,7.19,7.17,7.17,2125
RUN,2017-07-19,09:59:00,7.18,7.19,7.18,7.19,2400
RUN,2017-07-19,10:00:00,7.20,7.20,7.20,7.20,4700
RUN,2017-07-19,10:01:00,7.20,7.20,7.19,7.19,9700
RUN,2017-07-19,10:02:00,7.20,7.23,7.20,7.23,3476
RUN,2017-07-19,10:03:00,7.24,7.24,7.23,7.23,1700
RUN,2017-07-19,10:04:00,7.23,7.23,7.23,7.23,200
RUN,2017-07-19,10:05:00,7.24,7.24,7.23,7.24,1800
RUN,2017-07-19,10:06:00,7.24,7.24,7.22,7.22,6703
RUN,2017-07-19,10:07:00,7.22,7.22,7.20,7.20,4410
RUN,2017-07-19,10:08:00,7.20,7.20,7.20,7.20,100
RUN,2017-07-19,10:09:00,7.20,7.21,7.20,7.21,1296
RUN,2017-07-19,10:10:00,7.20,7.20,7.19,7.19,3568
RUN,2017-07-19,10:11:00,7.19,7.20,7.18,7.19,12250
RUN,2017-07-19,10:12:00,7.20,7.20,7.20,7.20,120
RUN,2017-07-19,10:13:00,7.20,7.20,7.19,7.20,9900
RUN,2017-07-19,10:14:00,7.20,7.20,7.20,7.20,300
RUN,2017-07-19,10:15:00,7.20,7.21,7.20,7.20,8001
RUN,2017-07-19,10:16:00,7.21,7.21,7.21,7.21,100
RUN,2017-07-19,10:18:00,7.20,7.20,7.20,7.20,2100
RUN,2017-07-19,10:20:00,7.21,7.21,7.20,7.21,2700
RUN,2017-07-19,10:22:00,7.21,7.24,7.21,7.24,4681
RUN,2017-07-19,10:23:00,7.24,7.25,7.24,7.24,13130
RUN,2017-07-19,10:24:00,7.24,7.24,7.23,7.24,5700
RUN,2017-07-19,10:25:00,7.24,7.24,7.24,7.24,5500
RUN,2017-07-19,10:26:00,7.24,7.25,7.23,7.23,3669
RUN,2017-07-19,10:27:00,7.23,7.24,7.23,7.24,1303
RUN,2017-07-19,10:28:00,7.24,7.24,7.24,7.24,800
RUN,2017-07-19,10:29:00,7.24,7.24,7.24,7.24,100
RUN,2017-07-19,10:30:00,7.24,7.24,7.22,7.22,5400
RUN,2017-07-19,10:31:00,7.24,7.25,7.24,7.24,2702
RUN,2017-07-19,10:32:00,7.24,7.24,7.24,7.24,100
RUN,2017-07-19,10:33:00,7.24,7.25,7.24,7.25,4700
RUN,2017-07-19,10:34:00,7.24,7.25,7.24,7.25,15873
RUN,2017-07-19,10:35:00,7.25,7.25,7.24,7.25,400
RUN,2017-07-19,10:37:00,7.24,7.25,7.23,7.24,8463
RUN,2017-07-19,10:38:00,7.24,7.25,7.24,7.24,1900
RUN,2017-07-19,10:40:00,7.23,7.23,7.22,7.22,2700
RUN,2017-07-19,10:41:00,7.22,7.22,7.22,7.22,300
RUN,2017-07-19,10:42:00,7.22,7.23,7.22,7.23,4117
RUN,2017-07-19,10:43:00,7.24,7.24,7.24,7.24,100
RUN,2017-07-19,10:44:00,7.24,7.24,7.24,7.24,200
RUN,2017-07-19,10:48:00,7.23,7.23,7.23,7.23,755
RUN,2017-07-19,10:49:00,7.23,7.24,7.23,7.24,300
RUN,2017-07-19,10:52:00,7.23,7.25,7.23,7.25,3975
RUN,2017-07-19,10:53:00,7.25,7.25,7.24,7.25,8200
RUN,2017-07-19,10:55:00,7.24,7.24,7.22,7.22,4010
RUN,2017-07-19,10:56:00,7.22,7.22,7.22,7.22,100
RUN,2017-07-19,10:57:00,7.23,7.23,7.22,7.22,400
RUN,2017-07-19,10:58:00,7.23,7.24,7.23,7.24,2200
RUN,2017-07-19,10:59:00,7.24,7.24,7.24,7.24,815
RUN,2017-07-19,11:01:00,7.24,7.24,7.24,7.24,2400
RUN,2017-07-19,11:06:00,7.25,7.25,7.25,7.25,371
RUN,2017-07-19,11:07:00,7.25,7.25,7.25,7.25,14735
RUN,2017-07-19,11:08:00,7.24,7.25,7.24,7.25,11850
RUN,2017-07-19,11:09:00,7.25,7.25,7.24,7.24,1700
RUN,2017-07-19,11:10:00,7.25,7.25,7.23,7.24,10201
RUN,2017-07-19,11:11:00,7.23,7.23,7.23,7.23,500
RUN,2017-07-19,11:12:00,7.24,7.24,7.23,7.23,600
RUN,2017-07-19,11:13:00,7.23,7.24,7.23,7.24,1600
RUN,2017-07-19,11:14:00,7.24,7.24,7.23,7.23,600
RUN,2017-07-19,11:15:00,7.23,7.23,7.23,7.23,400
RUN,2017-07-19,11:16:00,7.22,7.22,7.22,7.22,200
RUN,2017-07-19,11:17:00,7.22,7.23,7.22,7.23,2087
RUN,2017-07-19,11:18:00,7.24,7.24,7.24,7.24,1700
RUN,2017-07-19,11:19:00,7.25,7.25,7.24,7.24,300
RUN,2017-07-19,11:21:00,7.24,7.26,7.24,7.26,3851
RUN,2017-07-19,11:23:00,7.25,7.25,7.25,7.25,100
RUN,2017-07-19,11:24:00,7.26,7.26,7.25,7.25,1981
RUN,2017-07-19,11:25:00,7.25,7.25,7.23,7.24,11200
RUN,2017-07-19,11:26:00,7.25,7.25,7.24,7.24,2000
RUN,2017-07-19,11:27:00,7.24,7.24,7.24,7.24,1200
RUN,2017-07-19,11:28:00,7.24,7.24,7.24,7.24,700
RUN,2017-07-19,11:29:00,7.24,7.24,7.24,7.24,100
RUN,2017-07-19,11:34:00,7.25,7.28,7.25,7.28,3400
RUN,2017-07-19,11:35:00,7.27,7.28,7.27,7.28,23570
RUN,2017-07-19,11:36:00,7.28,7.28,7.26,7.27,1900
RUN,2017-07-19,11:39:00,7.27,7.27,7.27,7.27,100
RUN,2017-07-19,11:40:00,7.27,7.27,7.27,7.27,300
RUN,2017-07-19,11:41:00,7.26,7.26,7.26,7.26,600
RUN,2017-07-19,11:42:00,7.26,7.27,7.26,7.26,525
RUN,2017-07-19,11:43:00,7.27,7.27,7.27,7.27,200
RUN,2017-07-19,11:44:00,7.26,7.27,7.26,7.26,1100
RUN,2017-07-19,11:45:00,7.26,7.26,7.26,7.26,200
RUN,2017-07-19,11:46:00,7.26,7.26,7.26,7.26,100
RUN,2017-07-19,11:47:00,7.26,7.26,7.26,7.26,200
RUN,2017-07-19,11:48:00,7.26,7.27,7.26,7.27,1400
RUN,2017-07-19,11:49:00,7.27,7.27,7.26,7.26,2900
RUN,2017-07-19,11:50:00,7.27,7.27,7.26,7.26,2600
RUN,2017-07-19,11:51:00,7.27,7.27,7.26,7.26,200
RUN,2017-07-19,11:52:00,7.26,7.26,7.25,7.25,7124
RUN,2017-07-19,11:53:00,7.25,7.25,7.25,7.25,800
RUN,2017-07-19,11:54:00,7.25,7.25,7.24,7.24,3100
RUN,2017-07-19,11:55:00,7.24,7.25,7.24,7.25,300
RUN,2017-07-19,11:56:00,7.25,7.25,7.25,7.25,2100
RUN,2017-07-19,11:58:00,7.24,7.24,7.24,7.24,100
RUN,2017-07-19,11:59:00,7.24,7.24,7.24,7.24,200
RUN,2017-07-19,12:00:00,7.24,7.24,7.24,7.24,100
RUN,2017-07-19,12:02:00,7.24,7.24,7.23,7.23,700
RUN,2017-07-19,12:03:00,7.23,7.23,7.22,7.22,600
RUN,2017-07-19,12:04:00,7.22,7.22,7.22,7.22,1500
RUN,2017-07-19,12:05:00,7.22,7.22,7.21,7.21,963
RUN,2017-07-19,12:06:00,7.20,7.21,7.20,7.20,5029
RUN,2017-07-19,12:07:00,7.20,7.22,7.20,7.21,15021
RUN,2017-07-19,12:08:00,7.20,7.20,7.20,7.20,100
RUN,2017-07-19,12:10:00,7.21,7.21,7.20,7.21,1029
RUN,2017-07-19,12:11:00,7.21,7.21,7.21,7.21,2100
RUN,2017-07-19,12:13:00,7.20,7.21,7.20,7.20,1200
RUN,2017-07-19,12:14:00,7.21,7.22,7.21,7.21,7652
RUN,2017-07-19,12:15:00,7.20,7.21,7.20,7.21,1400
RUN,2017-07-19,12:16:00,7.20,7.21,7.20,7.21,1670
RUN,2017-07-19,12:20:00,7.22,7.23,7.22,7.23,2200
RUN,2017-07-19,12:21:00,7.23,7.23,7.23,7.23,1000
RUN,2017-07-19,12:22:00,7.24,7.24,7.23,7.23,2500
RUN,2017-07-19,12:23:00,7.24,7.24,7.24,7.24,100
RUN,2017-07-19,12:26:00,7.23,7.24,7.22,7.23,6700
RUN,2017-07-19,12:29:00,7.23,7.23,7.22,7.22,1499
RUN,2017-07-19,12:31:00,7.22,7.22,7.21,7.21,1903
RUN,2017-07-19,12:32:00,7.21,7.21,7.21,7.21,100
RUN,2017-07-19,12:33:00,7.21,7.21,7.21,7.21,100
RUN,2017-07-19,12:34:00,7.21,7.21,7.21,7.21,300
RUN,2017-07-19,12:35:00,7.21,7.21,7.20,7.20,1285
RUN,2017-07-19,12:36:00,7.19,7.19,7.19,7.19,200
RUN,2017-07-19,12:37:00,7.20,7.20,7.19,7.19,1200
RUN,2017-07-19,12:38:00,7.19,7.19,7.18,7.18,3400
RUN,2017-07-19,12:39:00,7.19,7.19,7.19,7.19,2700
RUN,2017-07-19,12:40:00,7.20,7.20,7.20,7.20,1000
RUN,2017-07-19,12:42:00,7.20,7.20,7.20,7.20,300
RUN,2017-07-19,12:43:00,7.20,7.21,7.20,7.21,1100
RUN,2017-07-19,12:44:00,7.21,7.21,7.21,7.21,1044
RUN,2017-07-19,12:45:00,7.21,7.21,7.21,7.21,200
RUN,2017-07-19,12:46:00,7.22,7.22,7.22,7.22,1405
RUN,2017-07-19,12:49:00,7.21,7.21,7.21,7.21,100
RUN,2017-07-19,12:52:00,7.21,7.21,7.21,7.21,600
RUN,2017-07-19,12:53:00,7.22,7.22,7.22,7.22,1796
RUN,2017-07-19,12:54:00,7.23,7.24,7.23,7.24,3671
RUN,2017-07-19,12:57:00,7.24,7.24,7.24,7.24,1000
RUN,2017-07-19,12:58:00,7.23,7.23,7.23,7.23,100
RUN,2017-07-19,13:00:00,7.23,7.23,7.23,7.23,400
RUN,2017-07-19,13:02:00,7.22,7.23,7.22,7.23,1800
RUN,2017-07-19,13:04:00,7.24,7.24,7.24,7.24,100
RUN,2017-07-19,13:05:00,7.24,7.24,7.24,7.24,600
RUN,2017-07-19,13:07:00,7.24,7.24,7.24,7.24,1889
RUN,2017-07-19,13:08:00,7.24,7.24,7.24,7.24,800
RUN,2017-07-19,13:10:00,7.24,7.25,7.24,7.25,4600
RUN,2017-07-19,13:11:00,7.24,7.24,7.24,7.24,2000
RUN,2017-07-19,13:12:00,7.24,7.24,7.24,7.24,600
RUN,2017-07-19,13:13:00,7.24,7.24,7.24,7.24,900
RUN,2017-07-19,13:15:00,7.25,7.25,7.25,7.25,100
RUN,2017-07-19,13:16:00,7.25,7.25,7.25,7.25,100
RUN,2017-07-19,13:20:00,7.24,7.24,7.24,7.24,805
RUN,2017-07-19,13:21:00,7.25,7.25,7.24,7.24,200
RUN,2017-07-19,13:22:00,7.25,7.25,7.25,7.25,14047
RUN,2017-07-19,13:23:00,7.25,7.27,7.25,7.26,2531
RUN,2017-07-19,13:24:00,7.27,7.27,7.27,7.27,1400
RUN,2017-07-19,13:26:00,7.28,7.28,7.28,7.28,100
RUN,2017-07-19,13:30:00,7.27,7.27,7.27,7.27,200
RUN,2017-07-19,13:31:00,7.27,7.27,7.27,7.27,100
RUN,2017-07-19,13:33:00,7.28,7.29,7.28,7.29,9496
RUN,2017-07-19,13:34:00,7.28,7.28,7.27,7.28,3800
RUN,2017-07-19,13:35:00,7.28,7.28,7.28,7.28,1500
RUN,2017-07-19,13:36:00,7.28,7.28,7.27,7.27,2100
RUN,2017-07-19,13:37:00,7.26,7.27,7.26,7.27,2300
RUN,2017-07-19,13:38:00,7.27,7.27,7.27,7.27,100
RUN,2017-07-19,13:39:00,7.28,7.28,7.27,7.27,1500
RUN,2017-07-19,13:40:00,7.27,7.28,7.27,7.28,300
RUN,2017-07-19,13:41:00,7.27,7.27,7.27,7.27,100
RUN,2017-07-19,13:42:00,7.27,7.27,7.27,7.27,100
RUN,2017-07-19,13:43:00,7.28,7.28,7.28,7.28,1100
RUN,2017-07-19,13:44:00,7.28,7.29,7.28,7.28,12121
RUN,2017-07-19,13:45:00,7.28,7.28,7.28,7.28,100
RUN,2017-07-19,13:46:00,7.29,7.29,7.28,7.28,3700
RUN,2017-07-19,13:47:00,7.28,7.28,7.28,7.28,200
RUN,2017-07-19,13:48:00,7.28,7.28,7.27,7.27,2100
RUN,2017-07-19,13:49:00,7.28,7.28,7.28,7.28,200
RUN,2017-07-19,13:50:00,7.28,7.28,7.28,7.28,5462
RUN,2017-07-19,13:51:00,7.27,7.28,7.26,7.26,1700
RUN,2017-07-19,13:52:00,7.26,7.26,7.26,7.26,310
RUN,2017-07-19,13:53:00,7.26,7.26,7.26,7.26,700
RUN,2017-07-19,13:54:00,7.26,7.27,7.26,7.26,1800
RUN,2017-07-19,13:56:00,7.27,7.28,7.26,7.27,2912
RUN,2017-07-19,13:58:00,7.28,7.28,7.28,7.28,100
RUN,2017-07-19,13:59:00,7.28,7.28,7.27,7.28,14773
RUN,2017-07-19,14:00:00,7.29,7.29,7.28,7.28,2200
RUN,2017-07-19,14:01:00,7.29,7.29,7.29,7.29,200
RUN,2017-07-19,14:02:00,7.28,7.28,7.28,7.28,905
RUN,2017-07-19,14:05:00,7.28,7.28,7.28,7.28,1546
RUN,2017-07-19,14:06:00,7.27,7.29,7.27,7.29,2476
RUN,2017-07-19,14:07:00,7.29,7.29,7.29,7.29,500
RUN,2017-07-19,14:10:00,7.29,7.29,7.28,7.29,2600
RUN,2017-07-19,14:11:00,7.29,7.29,7.28,7.29,1000
RUN,2017-07-19,14:12:00,7.29,7.29,7.28,7.29,4975
RUN,2017-07-19,14:13:00,7.29,7.29,7.28,7.28,8138
RUN,2017-07-19,14:14:00,7.29,7.29,7.29,7.29,100
RUN,2017-07-19,14:15:00,7.28,7.29,7.28,7.29,991
RUN,2017-07-19,14:16:00,7.29,7.29,7.29,7.29,2829
RUN,2017-07-19,14:17:00,7.29,7.29,7.29,7.29,3800
RUN,2017-07-19,14:18:00,7.30,7.30,7.30,7.30,2556
RUN,2017-07-19,14:19:00,7.29,7.29,7.29,7.29,200
RUN,2017-07-19,14:20:00,7.29,7.29,7.29,7.29,880
RUN,2017-07-19,14:21:00,7.29,7.30,7.29,7.29,8964
RUN,2017-07-19,14:22:00,7.30,7.30,7.25,7.25,64515
RUN,2017-07-19,14:23:00,7.26,7.28,7.26,7.27,7120
RUN,2017-07-19,14:24:00,7.27,7.28,7.27,7.27,1900
RUN,2017-07-19,14:25:00,7.27,7.27,7.25,7.25,1968
RUN,2017-07-19,14:26:00,7.25,7.25,7.24,7.24,4900
RUN,2017-07-19,14:27:00,7.24,7.25,7.24,7.25,6360
RUN,2017-07-19,14:28:00,7.26,7.26,7.25,7.25,1410
RUN,2017-07-19,14:29:00,7.25,7.25,7.25,7.25,200
RUN,2017-07-19,14:30:00,7.25,7.25,7.25,7.25,600
RUN,2017-07-19,14:31:00,7.25,7.26,7.25,7.25,5500
RUN,2017-07-19,14:32:00,7.25,7.25,7.25,7.25,200
RUN,2017-07-19,14:33:00,7.25,7.26,7.25,7.26,2336
RUN,2017-07-19,14:34:00,7.25,7.25,7.25,7.25,400
RUN,2017-07-19,14:35:00,7.25,7.25,7.25,7.25,300
RUN,2017-07-19,14:36:00,7.25,7.25,7.25,7.25,600
RUN,2017-07-19,14:37:00,7.25,7.25,7.25,7.25,3459
RUN,2017-07-19,14:38:00,7.25,7.25,7.25,7.25,475
RUN,2017-07-19,14:39:00,7.25,7.25,7.25,7.25,500
RUN,2017-07-19,14:40:00,7.25,7.25,7.25,7.25,500
RUN,2017-07-19,14:41:00,7.25,7.25,7.25,7.25,300
RUN,2017-07-19,14:42:00,7.25,7.25,7.25,7.25,1800
RUN,2017-07-19,14:43:00,7.25,7.25,7.25,7.25,200
RUN,2017-07-19,14:44:00,7.25,7.26,7.25,7.25,800
RUN,2017-07-19,14:45:00,7.26,7.26,7.25,7.25,500
RUN,2017-07-19,14:46:00,7.25,7.26,7.25,7.25,400
RUN,2017-07-19,14:47:00,7.25,7.26,7.25,7.25,400
RUN,2017-07-19,14:48:00,7.25,7.25,7.25,7.25,1300
RUN,2017-07-19,14:49:00,7.26,7.26,7.25,7.25,600
RUN,2017-07-19,14:50:00,7.26,7.26,7.25,7.25,300
RUN,2017-07-19,14:51:00,7.25,7.26,7.25,7.25,900
RUN,2017-07-19,14:52:00,7.25,7.25,7.25,7.25,585
RUN,2017-07-19,14:53:00,7.25,7.25,7.25,7.25,100
RUN,2017-07-19,14:54:00,7.25,7.25,7.25,7.25,200
RUN,2017-07-19,14:55:00,7.25,7.26,7.25,7.25,700
RUN,2017-07-19,14:56:00,7.25,7.25,7.25,7.25,300
RUN,2017-07-19,14:57:00,7.25,7.27,7.25,7.27,12587
RUN,2017-07-19,14:58:00,7.27,7.27,7.26,7.26,1500
RUN,2017-07-19,14:59:00,7.26,7.27,7.26,7.26,300
RUN,2017-07-19,15:00:00,7.26,7.27,7.26,7.27,2500
RUN,2017-07-19,15:01:00,7.26,7.26,7.26,7.26,5400
RUN,2017-07-19,15:02:00,7.26,7.26,7.25,7.26,4956
RUN,2017-07-19,15:03:00,7.25,7.27,7.25,7.26,2954
RUN,2017-07-19,15:04:00,7.26,7.26,7.26,7.26,500
RUN,2017-07-19,15:05:00,7.26,7.26,7.25,7.26,10600
RUN,2017-07-19,15:06:00,7.26,7.26,7.25,7.26,608
RUN,2017-07-19,15:07:00,7.25,7.25,7.25,7.25,300
RUN,2017-07-19,15:08:00,7.25,7.25,7.25,7.25,200
RUN,2017-07-19,15:09:00,7.25,7.26,7.25,7.25,725
RUN,2017-07-19,15:10:00,7.25,7.26,7.25,7.25,9246
RUN,2017-07-19,15:11:00,7.25,7.25,7.25,7.25,1200
RUN,2017-07-19,15:12:00,7.26,7.26,7.25,7.25,4374
RUN,2017-07-19,15:13:00,7.24,7.25,7.24,7.24,700
RUN,2017-07-19,15:14:00,7.24,7.24,7.24,7.24,900
RUN,2017-07-19,15:15:00,7.25,7.25,7.24,7.24,3500
RUN,2017-07-19,15:16:00,7.25,7.25,7.24,7.24,800
RUN,2017-07-19,15:17:00,7.24,7.24,7.24,7.24,400
RUN,2017-07-19,15:18:00,7.25,7.25,7.25,7.25,2000
RUN,2017-07-19,15:19:00,7.25,7.25,7.24,7.24,600
RUN,2017-07-19,15:20:00,7.24,7.25,7.24,7.24,800
RUN,2017-07-19,15:21:00,7.24,7.25,7.24,7.25,6988
RUN,2017-07-19,15:22:00,7.25,7.26,7.25,7.26,500
RUN,2017-07-19,15:23:00,7.25,7.25,7.25,7.25,300
RUN,2017-07-19,15:24:00,7.25,7.25,7.25,7.25,800
RUN,2017-07-19,15:25:00,7.25,7.25,7.25,7.25,500
RUN,2017-07-19,15:26:00,7.25,7.25,7.25,7.25,4162
RUN,2017-07-19,15:27:00,7.25,7.25,7.25,7.25,9358
RUN,2017-07-19,15:28:00,7.25,7.25,7.25,7.25,1100
RUN,2017-07-19,15:29:00,7.25,7.25,7.25,7.25,1600
RUN,2017-07-19,15:30:00,7.25,7.25,7.25,7.25,209
RUN,2017-07-19,15:31:00,7.25,7.25,7.25,7.25,500
RUN,2017-07-19,15:32:00,7.25,7.25,7.24,7.24,400
RUN,2017-07-19,15:33:00,7.25,7.25,7.24,7.24,1000
RUN,2017-07-19,15:34:00,7.24,7.25,7.24,7.25,500
RUN,2017-07-19,15:35:00,7.24,7.25,7.24,7.25,900
RUN,2017-07-19,15:36:00,7.25,7.25,7.25,7.25,200
RUN,2017-07-19,15:37:00,7.25,7.25,7.25,7.25,300
RUN,2017-07-19,15:38:00,7.25,7.25,7.24,7.25,3300
RUN,2017-07-19,15:39:00,7.25,7.25,7.25,7.25,200
RUN,2017-07-19,15:40:00,7.25,7.25,7.24,7.24,700
RUN,2017-07-19,15:41:00,7.24,7.25,7.24,7.25,1700
RUN,2017-07-19,15:42:00,7.24,7.25,7.24,7.25,300
RUN,2017-07-19,15:43:00,7.25,7.25,7.24,7.24,6316
RUN,2017-07-19,15:44:00,7.25,7.25,7.25,7.25,400
RUN,2017-07-19,15:45:00,7.25,7.25,7.25,7.25,1100
RUN,2017-07-19,15:46:00,7.25,7.25,7.25,7.25,1400
RUN,2017-07-19,15:47:00,7.25,7.25,7.24,7.25,700
RUN,2017-07-19,15:48:00,7.25,7.25,7.25,7.25,4500
RUN,2017-07-19,15:49:00,7.25,7.25,7.25,7.25,1000
RUN,2017-07-19,15:50:00,7.25,7.25,7.25,7.25,6413
RUN,2017-07-19,15:51:00,7.25,7.26,7.25,7.26,5243
RUN,2017-07-19,15:52:00,7.27,7.27,7.26,7.27,1574
RUN,2017-07-19,15:53:00,7.27,7.27,7.27,7.27,1100
RUN,2017-07-19,15:54:00,7.27,7.27,7.26,7.26,1800
RUN,2017-07-19,15:55:00,7.27,7.28,7.26,7.28,7270
RUN,2017-07-19,15:56:00,7.28,7.28,7.27,7.28,1900
RUN,2017-07-19,15:57:00,7.28,7.28,7.26,7.26,16257
RUN,2017-07-19,15:58:00,7.27,7.27,7.26,7.26,2500
RUN,2017-07-19,15:59:00,7.27,7.27,7.26,7.26,5837
RUN,2017-07-19,16:00:00,7.26,7.27,7.26,7.27,57338
RUN,2017-07-20,09:30:00,7.31,7.31,7.31,7.31,16274
RUN,2017-07-20,09:31:00,7.31,7.32,7.30,7.30,500
RUN,2017-07-20,09:32:00,7.31,7.32,7.29,7.29,8850
RUN,2017-07-20,09:33:00,7.28,7.28,7.25,7.25,3695
RUN,2017-07-20,09:35:00,7.26,7.26,7.26,7.26,600
RUN,2017-07-20,09:36:00,7.25,7.25,7.25,7.25,1095
RUN,2017-07-20,09:37:00,7.25,7.27,7.23,7.24,4640
RUN,2017-07-20,09:38:00,7.23,7.23,7.17,7.18,8300
RUN,2017-07-20,09:39:00,7.18,7.18,7.16,7.16,14374
RUN,2017-07-20,09:40:00,7.16,7.17,7.16,7.17,5050
RUN,2017-07-20,09:41:00,7.18,7.20,7.18,7.20,8800
RUN,2017-07-20,09:42:00,7.19,7.21,7.19,7.19,4900
RUN,2017-07-20,09:43:00,7.19,7.20,7.19,7.20,300
RUN,2017-07-20,09:44:00,7.19,7.19,7.17,7.18,700
RUN,2017-07-20,09:45:00,7.17,7.18,7.17,7.18,500
RUN,2017-07-20,09:46:00,7.18,7.18,7.16,7.16,2600
RUN,2017-07-20,09:50:00,7.16,7.16,7.16,7.16,900
RUN,2017-07-20,09:51:00,7.17,7.18,7.17,7.18,2200
RUN,2017-07-20,09:54:00,7.18,7.18,7.17,7.17,500
RUN,2017-07-20,09:55:00,7.17,7.18,7.17,7.18,2350
RUN,2017-07-20,09:56:00,7.18,7.19,7.18,7.18,10594
RUN,2017-07-20,09:57:00,7.18,7.18,7.18,7.18,1700
RUN,2017-07-20,09:59:00,7.18,7.18,7.18,7.18,860
RUN,2017-07-20,10:00:00,7.17,7.17,7.17,7.17,400
RUN,2017-07-20,10:01:00,7.17,7.17,7.17,7.17,100
RUN,2017-07-20,10:02:00,7.17,7.17,7.17,7.17,400
RUN,2017-07-20,10:03:00,7.17,7.19,7.17,7.19,1700
RUN,2017-07-20,10:04:00,7.19,7.20,7.17,7.17,2300
RUN,2017-07-20,10:05:00,7.18,7.18,7.18,7.18,500
RUN,2017-07-20,10:06:00,7.17,7.17,7.17,7.17,100
RUN,2017-07-20,10:07:00,7.17,7.17,7.17,7.17,100
RUN,2017-07-20,10:13:00,7.16,7.17,7.16,7.16,1000
RUN,2017-07-20,10:15:00,7.16,7.17,7.16,7.17,1200
RUN,2017-07-20,10:16:00,7.16,7.16,7.16,7.16,1000
RUN,2017-07-20,10:17:00,7.15,7.16,7.14,7.15,7167
RUN,2017-07-20,10:20:00,7.14,7.15,7.14,7.15,600
RUN,2017-07-20,10:21:00,7.14,7.14,7.14,7.14,100
RUN,2017-07-20,10:22:00,7.14,7.15,7.14,7.15,200
RUN,2017-07-20,10:23:00,7.15,7.15,7.14,7.14,1600
RUN,2017-07-20,10:25:00,7.14,7.14,7.14,7.14,100
RUN,2017-07-20,10:28:00,7.14,7.17,7.14,7.17,4138
RUN,2017-07-20,10:30:00,7.17,7.17,7.17,7.17,700
RUN,2017-07-20,10:31:00,7.17,7.18,7.17,7.18,5700
RUN,2017-07-20,10:32:00,7.18,7.20,7.18,7.19,8094
RUN,2017-07-20,10:33:00,7.19,7.21,7.18,7.21,8600
RUN,2017-07-20,10:34:00,7.21,7.21,7.20,7.21,9817
RUN,2017-07-20,10:35:00,7.21,7.22,7.21,7.21,6100
RUN,2017-07-20,10:38:00,7.20,7.20,7.19,7.19,2000
RUN,2017-07-20,10:39:00,7.19,7.20,7.19,7.20,600
RUN,2017-07-20,10:40:00,7.20,7.20,7.20,7.20,300
RUN,2017-07-20,10:43:00,7.20,7.21,7.20,7.21,1600
RUN,2017-07-20,10:44:00,7.21,7.21,7.21,7.21,100
RUN,2017-07-20,10:46:00,7.21,7.21,7.21,7.21,300
RUN,2017-07-20,10:47:00,7.21,7.21,7.21,7.21,800
RUN,2017-07-20,10:48:00,7.21,7.21,7.21,7.21,100
RUN,2017-07-20,10:50:00,7.22,7.22,7.22,7.22,200
RUN,2017-07-20,10:51:00,7.21,7.21,7.20,7.21,2300
RUN,2017-07-20,10:52:00,7.20,7.21,7.19,7.21,6989
RUN,2017-07-20,10:55:00,7.21,7.24,7.21,7.24,2400
RUN,2017-07-20,10:56:00,7.23,7.23,7.23,7.23,300
RUN,2017-07-20,10:59:00,7.23,7.24,7.23,7.24,1500
RUN,2017-07-20,11:00:00,7.24,7.24,7.24,7.24,100
RUN,2017-07-20,11:03:00,7.24,7.24,7.24,7.24,100
RUN,2017-07-20,11:04:00,7.24,7.24,7.23,7.24,1200
RUN,2017-07-20,11:06:00,7.24,7.24,7.24,7.24,100
RUN,2017-07-20,11:07:00,7.23,7.23,7.22,7.22,600
RUN,2017-07-20,11:08:00,7.22,7.22,7.22,7.22,100
RUN,2017-07-20,11:09:00,7.22,7.22,7.22,7.22,400
RUN,2017-07-20,11:10:00,7.21,7.21,7.21,7.21,100
RUN,2017-07-20,11:11:00,7.21,7.21,7.20,7.20,1400
RUN,2017-07-20,11:13:00,7.21,7.21,7.21,7.21,100
RUN,2017-07-20,11:15:00,7.21,7.21,7.21,7.21,100
RUN,2017-07-20,11:16:00,7.20,7.20,7.20,7.20,200
RUN,2017-07-20,11:17:00,7.20,7.21,7.19,7.19,4092
RUN,2017-07-20,11:18:00,7.20,7.20,7.20,7.20,100
RUN,2017-07-20,11:19:00,7.20,7.20,7.20,7.20,500
RUN,2017-07-20,11:21:00,7.20,7.20,7.20,7.20,100
RUN,2017-07-20,11:23:00,7.20,7.20,7.20,7.20,100
RUN,2017-07-20,11:25:00,7.20,7.20,7.20,7.20,100
RUN,2017-07-20,11:26:00,7.20,7.20,7.20,7.20,200
RUN,2017-07-20,11:28:00,7.20,7.20,7.20,7.20,200
RUN,2017-07-20,11:29:00,7.20,7.21,7.19,7.21,3400
RUN,2017-07-20,11:31:00,7.21,7.21,7.20,7.20,1700
RUN,2017-07-20,11:32:00,7.19,7.20,7.19,7.20,800
RUN,2017-07-20,11:33:00,7.20,7.20,7.20,7.20,165
RUN,2017-07-20,11:34:00,7.20,7.20,7.20,7.20,100
RUN,2017-07-20,11:35:00,7.20,7.20,7.19,7.19,1500
RUN,2017-07-20,11:39:00,7.20,7.20,7.19,7.19,500
RUN,2017-07-20,11:40:00,7.20,7.20,7.20,7.20,100
RUN,2017-07-20,11:42:00,7.19,7.20,7.19,7.20,300
RUN,2017-07-20,11:43:00,7.19,7.20,7.19,7.19,400
RUN,2017-07-20,11:44:00,7.20,7.20,7.20,7.20,200
RUN,2017-07-20,11:46:00,7.19,7.20,7.19,7.19,1300
RUN,2017-07-20,11:47:00,7.19,7.19,7.19,7.19,100
RUN,2017-07-20,11:48:00,7.20,7.20,7.20,7.20,300
RUN,2017-07-20,11:50:00,7.20,7.21,7.20,7.21,1400
RUN,2017-07-20,11:51:00,7.21,7.22,7.21,7.22,665
RUN,2017-07-20,11:52:00,7.22,7.22,7.22,7.22,200
RUN,2017-07-20,11:53:00,7.23,7.23,7.23,7.23,100
RUN,2017-07-20,11:55:00,7.23,7.24,7.23,7.23,800
RUN,2017-07-20,11:56:00,7.24,7.24,7.24,7.24,200
RUN,2017-07-20,11:58:00,7.24,7.24,7.24,7.24,200
RUN,2017-07-20,12:00:00,7.24,7.24,7.24,7.24,100
RUN,2017-07-20,12:01:00,7.24,7.24,7.23,7.24,1300
RUN,2017-07-20,12:04:00,7.23,7.23,7.23,7.23,200
RUN,2017-07-20,12:07:00,7.23,7.23,7.23,7.23,200
RUN,2017-07-20,12:08:00,7.22,7.23,7.22,7.22,600
RUN,2017-07-20,12:09:00,7.22,7.22,7.21,7.22,12008
RUN,2017-07-20,12:10:00,7.21,7.21,7.20,7.20,700
RUN,2017-07-20,12:11:00,7.21,7.21,7.20,7.21,500
RUN,2017-07-20,12:13:00,7.21,7.21,7.21,7.21,800
RUN,2017-07-20,12:14:00,7.22,7.23,7.22,7.23,1600
RUN,2017-07-20,12:15:00,7.24,7.24,7.24,7.24,100
RUN,2017-07-20,12:17:00,7.23,7.23,7.23,7.23,100
RUN,2017-07-20,12:20:00,7.23,7.23,7.23,7.23,1000
RUN,2017-07-20,12:22:00,7.24,7.24,7.24,7.24,100
RUN,2017-07-20,12:24:00,7.24,7.24,7.24,7.24,100
RUN,2017-07-20,12:25:00,7.24,7.26,7.24,7.26,2463
RUN,2017-07-20,12:26:00,7.25,7.25,7.25,7.25,3506
RUN,2017-07-20,12:28:00,7.25,7.25,7.25,7.25,100
RUN,2017-07-20,12:30:00,7.25,7.25,7.25,7.25,100
RUN,2017-07-20,12:32:00,7.25,7.25,7.25,7.25,100
RUN,2017-07-20,12:33:00,7.25,7.25,7.24,7.25,1688
RUN,2017-07-20,12:34:00,7.25,7.25,7.25,7.25,3000
RUN,2017-07-20,12:35:00,7.25,7.25,7.25,7.25,1400
RUN,2017-07-20,12:36:00,7.25,7.26,7.25,7.25,8900
RUN,2017-07-20,12:38:00,7.25,7.25,7.25,7.25,1000
RUN,2017-07-20,12:39:00,7.25,7.25,7.24,7.24,1000
RUN,2017-07-20,12:40:00,7.24,7.24,7.23,7.23,4200
RUN,2017-07-20,12:41:00,7.24,7.24,7.24,7.24,100
RUN,2017-07-20,12:43:00,7.24,7.24,7.23,7.23,1100
RUN,2017-07-20,12:45:00,7.24,7.24,7.24,7.24,1300
RUN,2017-07-20,12:46:00,7.23,7.24,7.23,7.23,400
RUN,2017-07-20,12:47:00,7.24,7.24,7.24,7.24,100
RUN,2017-07-20,12:48:00,7.23,7.23,7.22,7.23,6800
RUN,2017-07-20,12:49:00,7.21,7.21,7.21,7.21,100
RUN,2017-07-20,12:51:00,7.21,7.21,7.21,7.21,1100
RUN,2017-07-20,12:52:00,7.21,7.21,7.20,7.20,300
RUN,2017-07-20,12:53:00,7.21,7.21,7.21,7.21,240
RUN,2017-07-20,12:54:00,7.21,7.22,7.21,7.22,4306
RUN,2017-07-20,12:58:00,7.22,7.22,7.22,7.22,100
RUN,2017-07-20,12:59:00,7.23,7.23,7.23,7.23,1600
RUN,2017-07-20,13:00:00,7.23,7.23,7.23,7.23,200
RUN,2017-07-20,13:02:00,7.22,7.22,7.22,7.22,100
RUN,2017-07-20,13:03:00,7.22,7.23,7.22,7.23,200
RUN,2017-07-20,13:05:00,7.23,7.23,7.23,7.23,100
RUN,2017-07-20,13:06:00,7.23,7.23,7.23,7.23,193
RUN,2017-07-20,13:07:00,7.23,7.23,7.23,7.23,200
RUN,2017-07-20,13:10:00,7.23,7.24,7.22,7.24,1600
RUN,2017-07-20,13:11:00,7.24,7.24,7.24,7.24,1000
RUN,2017-07-20,13:12:00,7.23,7.24,7.23,7.24,200
RUN,2017-07-20,13:14:00,7.24,7.24,7.24,7.24,300
RUN,2017-07-20,13:15:00,7.24,7.25,7.24,7.25,13400
RUN,2017-07-20,13:16:00,7.25,7.25,7.25,7.25,3400
RUN,2017-07-20,13:17:00,7.25,7.25,7.25,7.25,100
RUN,2017-07-20,13:19:00,7.25,7.25,7.25,7.25,200
RUN,2017-07-20,13:20:00,7.25,7.25,7.25,7.25,100
RUN,2017-07-20,13:21:00,7.25,7.25,7.25,7.25,100
RUN,2017-07-20,13:22:00,7.25,7.25,7.25,7.25,300
RUN,2017-07-20,13:23:00,7.25,7.25,7.25,7.25,100
RUN,2017-07-20,13:24:00,7.25,7.25,7.25,7.25,200
RUN,2017-07-20,13:25:00,7.25,7.25,7.25,7.25,100
RUN,2017-07-20,13:26:00,7.25,7.25,7.25,7.25,200
RUN,2017-07-20,13:27:00,7.25,7.25,7.21,7.21,23250
RUN,2017-07-20,13:28:00,7.21,7.21,7.21,7.21,200
RUN,2017-07-20,13:29:00,7.21,7.22,7.21,7.21,1600
RUN,2017-07-20,13:30:00,7.21,7.21,7.21,7.21,100
RUN,2017-07-20,13:31:00,7.21,7.21,7.20,7.20,700
RUN,2017-07-20,13:32:00,7.21,7.21,7.20,7.20,500
RUN,2017-07-20,13:33:00,7.20,7.21,7.20,7.21,8797
RUN,2017-07-20,13:34:00,7.20,7.21,7.20,7.21,4435
RUN,2017-07-20,13:35:00,7.21,7.22,7.21,7.22,3700
RUN,2017-07-20,13:36:00,7.21,7.21,7.21,7.21,2200
RUN,2017-07-20,13:38:00,7.22,7.22,7.22,7.22,1172
RUN,2017-07-20,13:44:00,7.23,7.23,7.23,7.23,215
RUN,2017-07-20,13:46:00,7.23,7.23,7.22,7.22,300
RUN,2017-07-20,13:47:00,7.22,7.23,7.22,7.23,300
RUN,2017-07-20,13:49:00,7.22,7.23,7.22,7.23,200
RUN,2017-07-20,13:50:00,7.23,7.24,7.23,7.24,2200
RUN,2017-07-20,13:52:00,7.24,7.24,7.24,7.24,100
RUN,2017-07-20,13:53:00,7.24,7.24,7.24,7.24,100
RUN,2017-07-20,13:54:00,7.24,7.24,7.24,7.24,200
RUN,2017-07-20,13:56:00,7.24,7.24,7.24,7.24,100
RUN,2017-07-20,13:57:00,7.24,7.24,7.24,7.24,100
RUN,2017-07-20,13:58:00,7.23,7.23,7.23,7.23,100
RUN,2017-07-20,13:59:00,7.24,7.24,7.24,7.24,200
RUN,2017-07-20,14:00:00,7.24,7.24,7.24,7.24,100
RUN,2017-07-20,14:01:00,7.24,7.24,7.24,7.24,600
RUN,2017-07-20,14:02:00,7.23,7.24,7.23,7.24,1334
RUN,2017-07-20,14:04:00,7.24,7.24,7.24,7.24,400
RUN,2017-07-20,14:05:00,7.24,7.24,7.24,7.24,200
RUN,2017-07-20,14:06:00,7.24,7.24,7.24,7.24,100
RUN,2017-07-20,14:07:00,7.23,7.24,7.23,7.24,300
RUN,2017-07-20,14:10:00,7.24,7.24,7.23,7.24,1300
RUN,2017-07-20,14:11:00,7.24,7.24,7.24,7.24,1600
RUN,2017-07-20,14:13:00,7.25,7.25,7.25,7.25,100
RUN,2017-07-20,14:14:00,7.25,7.25,7.25,7.25,1300
RUN,2017-07-20,14:15:00,7.25,7.25,7.25,7.25,100
RUN,2017-07-20,14:16:00,7.25,7.25,7.25,7.25,300
RUN,2017-07-20,14:17:00,7.25,7.25,7.25,7.25,1659
RUN,2017-07-20,14:18:00,7.25,7.25,7.25,7.25,100
RUN,2017-07-20,14:19:00,7.25,7.25,7.25,7.25,100
RUN,2017-07-20,14:20:00,7.25,7.25,7.25,7.25,100
RUN,2017-07-20,14:21:00,7.25,7.25,7.25,7.25,11126
RUN,2017-07-20,14:22:00,7.24,7.25,7.23,7.25,10224
RUN,2017-07-20,14:25:00,7.25,7.25,7.25,7.25,200
RUN,2017-07-20,14:27:00,7.25,7.25,7.25,7.25,4300
RUN,2017-07-20,14:28:00,7.25,7.25,7.25,7.25,100
RUN,2017-07-20,14:29:00,7.25,7.25,7.25,7.25,100
RUN,2017-07-20,14:30:00,7.25,7.25,7.25,7.25,5775
RUN,2017-07-20,14:31:00,7.25,7.25,7.25,7.25,100
RUN,2017-07-20,14:33:00,7.25,7.25,7.25,7.25,300
RUN,2017-07-20,14:35:00,7.24,7.24,7.24,7.24,500
RUN,2017-07-20,14:36:00,7.25,7.25,7.25,7.25,500
RUN,2017-07-20,14:37:00,7.25,7.25,7.23,7.25,4100
RUN,2017-07-20,14:38:00,7.24,7.24,7.24,7.24,700
RUN,2017-07-20,14:40:00,7.24,7.24,7.24,7.24,4306
RUN,2017-07-20,14:41:00,7.24,7.24,7.23,7.24,500
RUN,2017-07-20,14:42:00,7.24,7.24,7.24,7.24,100
RUN,2017-07-20,14:43:00,7.24,7.25,7.24,7.24,4987
RUN,2017-07-20,14:46:00,7.24,7.24,7.24,7.24,100
RUN,2017-07-20,14:47:00,7.23,7.24,7.23,7.24,500
RUN,2017-07-20,14:48:00,7.24,7.24,7.24,7.24,100
RUN,2017-07-20,14:49:00,7.24,7.24,7.24,7.24,100
RUN,2017-07-20,14:50:00,7.24,7.24,7.24,7.24,800
RUN,2017-07-20,14:51:00,7.24,7.25,7.24,7.25,800
RUN,2017-07-20,14:53:00,7.25,7.25,7.24,7.24,300
RUN,2017-07-20,14:54:00,7.25,7.25,7.25,7.25,6700
RUN,2017-07-20,14:55:00,7.25,7.25,7.25,7.25,300
RUN,2017-07-20,14:56:00,7.25,7.25,7.25,7.25,4673
RUN,2017-07-20,14:58:00,7.25,7.25,7.25,7.25,4095
RUN,2017-07-20,14:59:00,7.25,7.25,7.25,7.25,300
RUN,2017-07-20,15:00:00,7.25,7.25,7.25,7.25,700
RUN,2017-07-20,15:01:00,7.25,7.25,7.25,7.25,200
RUN,2017-07-20,15:02:00,7.25,7.25,7.24,7.25,300
RUN,2017-07-20,15:03:00,7.25,7.25,7.25,7.25,200
RUN,2017-07-20,15:04:00,7.25,7.25,7.25,7.25,300
RUN,2017-07-20,15:05:00,7.25,7.25,7.25,7.25,2870
RUN,2017-07-20,15:06:00,7.25,7.25,7.25,7.25,2300
RUN,2017-07-20,15:07:00,7.25,7.27,7.25,7.27,1432
RUN,2017-07-20,15:10:00,7.27,7.28,7.26,7.26,8150
RUN,2017-07-20,15:11:00,7.26,7.28,7.26,7.28,2675
RUN,2017-07-20,15:12:00,7.28,7.28,7.28,7.28,500
RUN,2017-07-20,15:13:00,7.28,7.28,7.25,7.26,22563
RUN,2017-07-20,15:14:00,7.26,7.26,7.26,7.26,300
RUN,2017-07-20,15:15:00,7.27,7.27,7.26,7.26,4000
RUN,2017-07-20,15:16:00,7.26,7.26,7.25,7.25,5025
RUN,2017-07-20,15:17:00,7.25,7.25,7.25,7.25,2800
RUN,2017-07-20,15:18:00,7.25,7.25,7.25,7.25,400
RUN,2017-07-20,15:19:00,7.25,7.25,7.25,7.25,100
RUN,2017-07-20,15:20:00,7.24,7.25,7.24,7.25,600
RUN,2017-07-20,15:23:00,7.24,7.25,7.22,7.22,4808
RUN,2017-07-20,15:24:00,7.23,7.24,7.23,7.24,1600
RUN,2017-07-20,15:25:00,7.23,7.23,7.23,7.23,100
RUN,2017-07-20,15:26:00,7.24,7.24,7.23,7.23,400
RUN,2017-07-20,15:27:00,7.23,7.24,7.23,7.24,200
RUN,2017-07-20,15:28:00,7.23,7.24,7.23,7.24,4063
RUN,2017-07-20,15:29:00,7.25,7.25,7.25,7.25,346
RUN,2017-07-20,15:30:00,7.25,7.25,7.25,7.25,700
RUN,2017-07-20,15:31:00,7.25,7.25,7.25,7.25,300
RUN,2017-07-20,15:32:00,7.25,7.25,7.24,7.24,300
RUN,2017-07-20,15:33:00,7.24,7.25,7.24,7.25,1300
RUN,2017-07-20,15:34:00,7.25,7.26,7.25,7.26,2600
RUN,2017-07-20,15:35:00,7.25,7.26,7.25,7.26,300
RUN,2017-07-20,15:37:00,7.26,7.26,7.26,7.26,1400
RUN,2017-07-20,15:38:00,7.26,7.26,7.26,7.26,100
RUN,2017-07-20,15:39:00,7.26,7.26,7.25,7.26,400
RUN,2017-07-20,15:40:00,7.25,7.25,7.24,7.24,4899
RUN,2017-07-20,15:41:00,7.24,7.25,7.24,7.24,989
RUN,2017-07-20,15:42:00,7.24,7.25,7.24,7.25,5579
RUN,2017-07-20,15:43:00,7.25,7.25,7.25,7.25,200
RUN,2017-07-20,15:44:00,7.24,7.24,7.24,7.24,200
RUN,2017-07-20,15:45:00,7.24,7.24,7.24,7.24,400
RUN,2017-07-20,15:46:00,7.24,7.25,7.23,7.24,6598
RUN,2017-07-20,15:47:00,7.24,7.25,7.24,7.24,700
RUN,2017-07-20,15:48:00,7.24,7.24,7.24,7.24,400
RUN,2017-07-20,15:49:00,7.25,7.25,7.24,7.24,1636
RUN,2017-07-20,15:50:00,7.24,7.24,7.24,7.24,4009
RUN,2017-07-20,15:51:00,7.25,7.25,7.24,7.24,1000
RUN,2017-07-20,15:52:00,7.25,7.25,7.24,7.24,2000
RUN,2017-07-20,15:53:00,7.25,7.25,7.24,7.24,4300
RUN,2017-07-20,15:54:00,7.25,7.25,7.24,7.25,1622
RUN,2017-07-20,15:55:00,7.24,7.25,7.24,7.25,1297
RUN,2017-07-20,15:56:00,7.24,7.25,7.24,7.25,3100
RUN,2017-07-20,15:57:00,7.25,7.25,7.24,7.25,2400
RUN,2017-07-20,15:58:00,7.25,7.25,7.24,7.25,7600
RUN,2017-07-20,15:59:00,7.25,7.25,7.24,7.25,4550
RUN,2017-07-20,16:00:00,7.25,7.25,7.24,7.25,66442
RUN,2017-07-21,09:30:00,7.28,7.28,7.21,7.21,50173
RUN,2017-07-21,09:31:00,7.29,7.29,7.25,7.29,4100
RUN,2017-07-21,09:32:00,7.25,7.25,7.23,7.23,3900
RUN,2017-07-21,09:33:00,7.22,7.22,7.17,7.17,2700
RUN,2017-07-21,09:34:00,7.18,7.18,7.17,7.17,1100
RUN,2017-07-21,09:35:00,7.19,7.19,7.18,7.19,500
RUN,2017-07-21,09:36:00,7.20,7.22,7.20,7.20,1100
RUN,2017-07-21,09:37:00,7.21,7.21,7.18,7.19,2100
RUN,2017-07-21,09:38:00,7.19,7.19,7.19,7.19,147
RUN,2017-07-21,09:39:00,7.19,7.23,7.19,7.23,1099
RUN,2017-07-21,09:40:00,7.21,7.24,7.21,7.21,3000
RUN,2017-07-21,09:41:00,7.22,7.22,7.22,7.22,300
RUN,2017-07-21,09:42:00,7.22,7.22,7.21,7.21,1100
RUN,2017-07-21,09:43:00,7.21,7.24,7.21,7.24,1300
RUN,2017-07-21,09:44:00,7.23,7.23,7.23,7.23,200
RUN,2017-07-21,09:45:00,7.25,7.25,7.25,7.25,300
RUN,2017-07-21,09:46:00,7.25,7.25,7.24,7.24,3553
RUN,2017-07-21,09:47:00,7.23,7.24,7.23,7.24,200
RUN,2017-07-21,09:50:00,7.23,7.23,7.23,7.23,277
RUN,2017-07-21,09:51:00,7.23,7.23,7.23,7.23,300
RUN,2017-07-21,09:54:00,7.23,7.23,7.23,7.23,2000
RUN,2017-07-21,09:56:00,7.23,7.23,7.23,7.23,100
RUN,2017-07-21,09:58:00,7.22,7.22,7.22,7.22,100
RUN,2017-07-21,09:59:00,7.22,7.23,7.21,7.23,5000
RUN,2017-07-21,10:00:00,7.23,7.23,7.23,7.23,400
RUN,2017-07-21,10:01:00,7.22,7.22,7.22,7.22,600
RUN,2017-07-21,10:02:00,7.22,7.22,7.21,7.21,1800
RUN,2017-07-21,10:04:00,7.21,7.21,7.18,7.18,13375
RUN,2017-07-21,10:05:00,7.18,7.18,7.17,7.17,300
RUN,2017-07-21,10:07:00,7.18,7.18,7.17,7.17,2200
RUN,2017-07-21,10:08:00,7.16,7.17,7.16,7.17,3382
RUN,2017-07-21,10:09:00,7.17,7.17,7.17,7.17,450
RUN,2017-07-21,10:10:00,7.17,7.17,7.16,7.17,1284
RUN,2017-07-21,10:11:00,7.16,7.16,7.14,7.14,900
RUN,2017-07-21,10:12:00,7.14,7.15,7.14,7.15,2050
RUN,2017-07-21,10:14:00,7.15,7.16,7.15,7.16,700
RUN,2017-07-21,10:16:00,7.17,7.17,7.16,7.16,800
RUN,2017-07-21,10:17:00,7.17,7.17,7.17,7.17,100
RUN,2017-07-21,10:19:00,7.17,7.17,7.17,7.17,100
RUN,2017-07-21,10:20:00,7.17,7.17,7.17,7.17,2674
RUN,2017-07-21,10:21:00,7.17,7.17,7.17,7.17,1300
RUN,2017-07-21,10:22:00,7.18,7.18,7.18,7.18,2900
RUN,2017-07-21,10:23:00,7.18,7.19,7.18,7.19,200
RUN,2017-07-21,10:24:00,7.19,7.19,7.19,7.19,300
RUN,2017-07-21,10:25:00,7.19,7.19,7.19,7.19,100
RUN,2017-07-21,10:26:00,7.19,7.19,7.19,7.19,100
RUN,2017-07-21,10:28:00,7.18,7.19,7.18,7.19,200
RUN,2017-07-21,10:30:00,7.19,7.20,7.19,7.20,500
RUN,2017-07-21,10:32:00,7.20,7.20,7.20,7.20,100
RUN,2017-07-21,10:34:00,7.20,7.20,7.20,7.20,400
RUN,2017-07-21,10:35:00,7.20,7.20,7.19,7.19,200
RUN,2017-07-21,10:38:00,7.19,7.19,7.19,7.19,700
RUN,2017-07-21,10:39:00,7.19,7.19,7.19,7.19,200
RUN,2017-07-21,10:41:00,7.20,7.20,7.20,7.20,550
RUN,2017-07-21,10:43:00,7.19,7.19,7.19,7.19,100
RUN,2017-07-21,10:44:00,7.19,7.20,7.19,7.20,556
RUN,2017-07-21,10:45:00,7.20,7.21,7.20,7.21,730
RUN,2017-07-21,10:46:00,7.22,7.22,7.22,7.22,200
RUN,2017-07-21,10:48:00,7.21,7.21,7.21,7.21,224
RUN,2017-07-21,10:49:00,7.21,7.21,7.21,7.21,100
RUN,2017-07-21,10:50:00,7.21,7.21,7.21,7.21,700
RUN,2017-07-21,10:51:00,7.21,7.21,7.21,7.21,600
RUN,2017-07-21,10:52:00,7.20,7.20,7.20,7.20,129
RUN,2017-07-21,10:53:00,7.21,7.21,7.19,7.19,3200
RUN,2017-07-21,10:54:00,7.20,7.20,7.20,7.20,100
RUN,2017-07-21,10:56:00,7.19,7.19,7.18,7.18,500
RUN,2017-07-21,10:57:00,7.18,7.18,7.18,7.18,200
RUN,2017-07-21,10:58:00,7.17,7.17,7.17,7.17,600
RUN,2017-07-21,11:01:00,7.17,7.17,7.17,7.17,1000
RUN,2017-07-21,11:02:00,7.16,7.16,7.16,7.16,300
RUN,2017-07-21,11:04:00,7.16,7.16,7.16,7.16,200
RUN,2017-07-21,11:06:00,7.17,7.17,7.17,7.17,100
RUN,2017-07-21,11:08:00,7.17,7.17,7.17,7.17,700
RUN,2017-07-21,11:09:00,7.17,7.17,7.17,7.17,100
RUN,2017-07-21,11:12:00,7.18,7.18,7.18,7.18,500
RUN,2017-07-21,11:14:00,7.18,7.18,7.18,7.18,500
RUN,2017-07-21,11:15:00,7.19,7.22,7.19,7.21,3937
RUN,2017-07-21,11:17:00,7.20,7.20,7.20,7.20,580
RUN,2017-07-21,11:18:00,7.19,7.19,7.19,7.19,400
RUN,2017-07-21,11:20:00,7.20,7.20,7.20,7.20,100
RUN,2017-07-21,11:21:00,7.20,7.20,7.20,7.20,100
RUN,2017-07-21,11:22:00,7.20,7.20,7.20,7.20,700
RUN,2017-07-21,11:29:00,7.21,7.21,7.21,7.21,100
RUN,2017-07-21,11:30:00,7.21,7.22,7.21,7.22,1200
RUN,2017-07-21,11:31:00,7.22,7.23,7.22,7.23,7500
RUN,2017-07-21,11:32:00,7.22,7.22,7.22,7.22,500
RUN,2017-07-21,11:34:00,7.22,7.22,7.22,7.22,302
RUN,2017-07-21,11:35:00,7.22,7.22,7.22,7.22,508
RUN,2017-07-21,11:36:00,7.23,7.24,7.23,7.24,5100
RUN,2017-07-21,11:37:00,7.24,7.24,7.24,7.24,100
RUN,2017-07-21,11:41:00,7.24,7.24,7.23,7.23,1300
RUN,2017-07-21,11:43:00,7.23,7.24,7.23,7.23,1100
RUN,2017-07-21,11:45:00,7.22,7.22,7.22,7.22,100
RUN,2017-07-21,11:46:00,7.22,7.22,7.22,7.22,300
RUN,2017-07-21,11:47:00,7.22,7.22,7.22,7.22,100
RUN,2017-07-21,11:49:00,7.22,7.22,7.21,7.21,1200
RUN,2017-07-21,11:53:00,7.21,7.21,7.21,7.21,100
RUN,2017-07-21,11:56:00,7.22,7.22,7.22,7.22,200
RUN,2017-07-21,11:57:00,7.21,7.21,7.21,7.21,100
RUN,2017-07-21,11:59:00,7.21,7.21,7.21,7.21,600
RUN,2017-07-21,12:00:00,7.21,7.21,7.21,7.21,600
RUN,2017-07-21,12:01:00,7.20,7.20,7.20,7.20,100
RUN,2017-07-21,12:02:00,7.20,7.20,7.20,7.20,100
RUN,2017-07-21,12:03:00,7.21,7.21,7.20,7.21,2400
RUN,2017-07-21,12:04:00,7.21,7.21,7.21,7.21,100
RUN,2017-07-21,12:05:00,7.21,7.21,7.21,7.21,100
RUN,2017-07-21,12:11:00,7.21,7.21,7.21,7.21,100
RUN,2017-07-21,12:12:00,7.21,7.22,7.21,7.21,2739
RUN,2017-07-21,12:13:00,7.21,7.22,7.21,7.22,300
RUN,2017-07-21,12:16:00,7.22,7.22,7.22,7.22,400
RUN,2017-07-21,12:18:00,7.22,7.23,7.22,7.23,1600
RUN,2017-07-21,12:22:00,7.23,7.23,7.23,7.23,100
RUN,2017-07-21,12:23:00,7.23,7.24,7.22,7.22,2600
RUN,2017-07-21,12:25:00,7.22,7.22,7.22,7.22,100
RUN,2017-07-21,12:29:00,7.22,7.22,7.22,7.22,100
RUN,2017-07-21,12:30:00,7.23,7.23,7.23,7.23,100
RUN,2017-07-21,12:32:00,7.22,7.22,7.22,7.22,200
RUN,2017-07-21,12:33:00,7.22,7.22,7.22,7.22,1710
RUN,2017-07-21,12:35:00,7.23,7.23,7.23,7.23,100
RUN,2017-07-21,12:36:00,7.23,7.23,7.23,7.23,600
RUN,2017-07-21,12:40:00,7.24,7.24,7.24,7.24,100
RUN,2017-07-21,12:43:00,7.24,7.25,7.24,7.25,1000
RUN,2017-07-21,12:45:00,7.24,7.24,7.24,7.24,100
RUN,2017-07-21,12:46:00,7.24,7.24,7.24,7.24,100
RUN,2017-07-21,12:47:00,7.25,7.25,7.24,7.24,600
RUN,2017-07-21,12:48:00,7.23,7.23,7.23,7.23,100
RUN,2017-07-21,12:52:00,7.24,7.24,7.23,7.23,1300
RUN,2017-07-21,13:00:00,7.24,7.25,7.24,7.25,400
RUN,2017-07-21,13:06:00,7.25,7.25,7.25,7.25,600
RUN,2017-07-21,13:07:00,7.24,7.24,7.23,7.23,1017
RUN,2017-07-21,13:08:00,7.23,7.23,7.22,7.22,500
RUN,2017-07-21,13:13:00,7.22,7.22,7.21,7.21,1330
RUN,2017-07-21,13:14:00,7.21,7.21,7.20,7.21,500
RUN,2017-07-21,13:16:00,7.21,7.21,7.20,7.20,725
RUN,2017-07-21,13:17:00,7.20,7.20,7.20,7.20,965
RUN,2017-07-21,13:19:00,7.20,7.21,7.20,7.20,701
RUN,2017-07-21,13:24:00,7.20,7.20,7.20,7.20,100
RUN,2017-07-21,13:34:00,7.20,7.20,7.20,7.20,400
RUN,2017-07-21,13:35:00,7.20,7.20,7.20,7.20,200
RUN,2017-07-21,13:39:00,7.20,7.20,7.20,7.20,100
RUN,2017-07-21,13:41:00,7.20,7.20,7.20,7.20,100
RUN,2017-07-21,13:43:00,7.19,7.19,7.19,7.19,100
RUN,2017-07-21,13:44:00,7.20,7.20,7.20,7.20,200
RUN,2017-07-21,13:45:00,7.19,7.20,7.18,7.18,2640
RUN,2017-07-21,13:47:00,7.18,7.18,7.18,7.18,100
RUN,2017-07-21,13:48:00,7.18,7.18,7.18,7.18,100
RUN,2017-07-21,13:49:00,7.18,7.18,7.18,7.18,200
RUN,2017-07-21,13:50:00,7.18,7.18,7.18,7.18,100
RUN,2017-07-21,13:51:00,7.19,7.19,7.18,7.19,3080
RUN,2017-07-21,13:52:00,7.19,7.20,7.19,7.20,1407
RUN,2017-07-21,13:53:00,7.20,7.20,7.20,7.20,200
RUN,2017-07-21,13:54:00,7.20,7.21,7.20,7.21,4490
RUN,2017-07-21,13:56:00,7.21,7.22,7.21,7.22,2400
RUN,2017-07-21,13:57:00,7.22,7.23,7.22,7.23,2600
RUN,2017-07-21,13:58:00,7.23,7.23,7.23,7.23,400
RUN,2017-07-21,13:59:00,7.24,7.24,7.24,7.24,100
RUN,2017-07-21,14:00:00,7.24,7.24,7.24,7.24,2400
RUN,2017-07-21,14:01:00,7.23,7.23,7.23,7.23,300
RUN,2017-07-21,14:02:00,7.23,7.24,7.23,7.24,2300
RUN,2017-07-21,14:03:00,7.24,7.24,7.24,7.24,200
RUN,2017-07-21,14:04:00,7.24,7.24,7.24,7.24,300
RUN,2017-07-21,14:05:00,7.24,7.25,7.24,7.25,2956
RUN,2017-07-21,14:06:00,7.25,7.25,7.25,7.25,500
RUN,2017-07-21,14:07:00,7.25,7.26,7.24,7.25,32640
RUN,2017-07-21,14:08:00,7.25,7.25,7.25,7.25,100
RUN,2017-07-21,14:10:00,7.24,7.25,7.22,7.23,25511
RUN,2017-07-21,14:11:00,7.22,7.22,7.19,7.19,1100
RUN,2017-07-21,14:12:00,7.19,7.19,7.19,7.19,2700
RUN,2017-07-21,14:13:00,7.20,7.20,7.19,7.20,1700
RUN,2017-07-21,14:14:00,7.20,7.20,7.19,7.19,1200
RUN,2017-07-21,14:15:00,7.18,7.18,7.18,7.18,100
RUN,2017-07-21,14:16:00,7.18,7.19,7.18,7.19,900
RUN,2017-07-21,14:17:00,7.18,7.19,7.18,7.18,5868
RUN,2017-07-21,14:18:00,7.19,7.19,7.19,7.19,3562
RUN,2017-07-21,14:19:00,7.19,7.19,7.19,7.19,100
RUN,2017-07-21,14:20:00,7.19,7.19,7.18,7.19,1600
RUN,2017-07-21,14:21:00,7.19,7.19,7.19,7.19,100
RUN,2017-07-21,14:22:00,7.19,7.19,7.19,7.19,200
RUN,2017-07-21,14:23:00,7.19,7.19,7.19,7.19,200
RUN,2017-07-21,14:25:00,7.18,7.18,7.18,7.18,200
RUN,2017-07-21,14:27:00,7.19,7.19,7.19,7.19,200
RUN,2017-07-21,14:28:00,7.19,7.19,7.19,7.19,100
RUN,2017-07-21,14:29:00,7.19,7.19,7.19,7.19,100
RUN,2017-07-21,14:30:00,7.19,7.19,7.19,7.19,100
RUN,2017-07-21,14:31:00,7.19,7.19,7.19,7.19,100
RUN,2017-07-21,14:32:00,7.18,7.18,7.18,7.18,1000
RUN,2017-07-21,14:33:00,7.19,7.19,7.19,7.19,300
RUN,2017-07-21,14:35:00,7.19,7.19,7.19,7.19,100
RUN,2017-07-21,14:36:00,7.19,7.19,7.19,7.19,1200
RUN,2017-07-21,14:37:00,7.19,7.19,7.18,7.19,3400
RUN,2017-07-21,14:38:00,7.19,7.19,7.18,7.19,6574
RUN,2017-07-21,14:39:00,7.19,7.20,7.19,7.20,8400
RUN,2017-07-21,14:40:00,7.20,7.22,7.20,7.22,10617
RUN,2017-07-21,14:41:00,7.22,7.23,7.22,7.23,900
RUN,2017-07-21,14:42:00,7.23,7.24,7.23,7.24,700
RUN,2017-07-21,14:43:00,7.24,7.25,7.24,7.25,2200
RUN,2017-07-21,14:44:00,7.25,7.25,7.25,7.25,400
RUN,2017-07-21,14:45:00,7.25,7.25,7.25,7.25,900
RUN,2017-07-21,14:46:00,7.25,7.25,7.25,7.25,1700
RUN,2017-07-21,14:47:00,7.25,7.25,7.25,7.25,700
RUN,2017-07-21,14:48:00,7.25,7.25,7.25,7.25,700
RUN,2017-07-21,14:49:00,7.25,7.25,7.25,7.25,500
RUN,2017-07-21,14:50:00,7.25,7.25,7.25,7.25,8413
RUN,2017-07-21,14:51:00,7.25,7.25,7.25,7.25,1100
RUN,2017-07-21,14:52:00,7.25,7.25,7.25,7.25,600
RUN,2017-07-21,14:53:00,7.25,7.25,7.25,7.25,1394
RUN,2017-07-21,14:54:00,7.26,7.26,7.26,7.26,1081
RUN,2017-07-21,14:55:00,7.26,7.26,7.25,7.26,1562
RUN,2017-07-21,14:56:00,7.27,7.27,7.26,7.26,800
RUN,2017-07-21,14:57:00,7.27,7.27,7.27,7.27,400
RUN,2017-07-21,14:58:00,7.27,7.27,7.27,7.27,700
RUN,2017-07-21,14:59:00,7.27,7.27,7.26,7.27,1140
RUN,2017-07-21,15:00:00,7.27,7.28,7.26,7.26,14600
RUN,2017-07-21,15:01:00,7.26,7.28,7.26,7.28,10700
RUN,2017-07-21,15:02:00,7.28,7.28,7.27,7.27,300
RUN,2017-07-21,15:03:00,7.28,7.28,7.27,7.28,2719
RUN,2017-07-21,15:04:00,7.29,7.29,7.29,7.29,5550
RUN,2017-07-21,15:05:00,7.29,7.29,7.28,7.29,1200
RUN,2017-07-21,15:06:00,7.29,7.30,7.29,7.30,1450
RUN,2017-07-21,15:07:00,7.30,7.30,7.29,7.29,14213
RUN,2017-07-21,15:08:00,7.30,7.31,7.30,7.31,23937
RUN,2017-07-21,15:09:00,7.31,7.32,7.31,7.32,5275
RUN,2017-07-21,15:11:00,7.32,7.33,7.32,7.33,9800
RUN,2017-07-21,15:13:00,7.33,7.33,7.33,7.33,5400
RUN,2017-07-21,15:14:00,7.33,7.33,7.33,7.33,3300
RUN,2017-07-21,15:15:00,7.34,7.34,7.33,7.33,600
RUN,2017-07-21,15:16:00,7.34,7.34,7.34,7.34,900
RUN,2017-07-21,15:17:00,7.33,7.34,7.33,7.34,400
RUN,2017-07-21,15:18:00,7.34,7.34,7.33,7.34,3447
RUN,2017-07-21,15:19:00,7.33,7.33,7.29,7.31,51811
RUN,2017-07-21,15:20:00,7.29,7.29,7.29,7.29,200
RUN,2017-07-21,15:21:00,7.29,7.29,7.26,7.27,3506
RUN,2017-07-21,15:22:00,7.27,7.27,7.26,7.26,600
RUN,2017-07-21,15:23:00,7.26,7.26,7.26,7.26,500
RUN,2017-07-21,15:24:00,7.26,7.26,7.26,7.26,100
RUN,2017-07-21,15:25:00,7.27,7.28,7.27,7.28,2300
RUN,2017-07-21,15:28:00,7.28,7.28,7.28,7.28,100
RUN,2017-07-21,15:29:00,7.28,7.29,7.28,7.28,10620
RUN,2017-07-21,15:31:00,7.29,7.29,7.28,7.29,499
RUN,2017-07-21,15:32:00,7.29,7.29,7.28,7.29,4600
RUN,2017-07-21,15:33:00,7.29,7.29,7.29,7.29,3500
RUN,2017-07-21,15:34:00,7.30,7.30,7.30,7.30,100
RUN,2017-07-21,15:36:00,7.30,7.30,7.29,7.29,500
RUN,2017-07-21,15:37:00,7.30,7.30,7.30,7.30,300
RUN,2017-07-21,15:38:00,7.30,7.30,7.29,7.29,2400
RUN,2017-07-21,15:39:00,7.30,7.30,7.28,7.29,19447
RUN,2017-07-21,15:40:00,7.29,7.29,7.28,7.29,2200
RUN,2017-07-21,15:41:00,7.29,7.29,7.29,7.29,13059
RUN,2017-07-21,15:42:00,7.29,7.29,7.29,7.29,800
RUN,2017-07-21,15:43:00,7.29,7.30,7.29,7.29,1000
RUN,2017-07-21,15:44:00,7.30,7.30,7.29,7.30,500
RUN,2017-07-21,15:45:00,7.30,7.30,7.28,7.28,10757
RUN,2017-07-21,15:46:00,7.27,7.28,7.27,7.28,6400
RUN,2017-07-21,15:47:00,7.28,7.28,7.28,7.28,5700
RUN,2017-07-21,15:48:00,7.29,7.30,7.29,7.30,2100
RUN,2017-07-21,15:49:00,7.29,7.30,7.29,7.29,1000
RUN,2017-07-21,15:50:00,7.29,7.30,7.29,7.29,6040
RUN,2017-07-21,15:51:00,7.29,7.30,7.29,7.29,2790
RUN,2017-07-21,15:52:00,7.29,7.30,7.29,7.29,2100
RUN,2017-07-21,15:53:00,7.29,7.30,7.29,7.29,1800
RUN,2017-07-21,15:54:00,7.30,7.32,7.29,7.32,24279
RUN,2017-07-21,15:55:00,7.31,7.32,7.31,7.31,2200
RUN,2017-07-21,15:56:00,7.31,7.32,7.30,7.30,5973
RUN,2017-07-21,15:57:00,7.30,7.30,7.30,7.30,7205
RUN,2017-07-21,15:58:00,7.30,7.30,7.29,7.29,5452
RUN,2017-07-21,15:59:00,7.29,7.30,7.29,7.29,17285
RUN,2017-07-21,16:00:00,7.29,7.30,7.29,7.29,50414
